gvel: 0.0, 0.0, 0.0
gvel: 0.022, 0.0, -0.01
gvel: 0.044, 0.0, -0.022
gvel: 0.065, 0.0, -0.034
gvel: 0.087, 0.0, -0.046
gvel: 0.108, 0.0, -0.058
gvel: 0.129, 0.0, -0.071
gvel: 0.15, 0.0, -0.083
gvel: 0.171, 0.0, -0.096
gvel: 0.193, 0.0, -0.108
gvel: 0.214, 0.0, -0.12
gvel: 0.235, 0.0, -0.133
gvel: 0.256, 0.0, -0.145
gvel: 0.277, 0.0, -0.158
gvel: 0.298, 0.0, -0.17
gvel: 0.319, 0.0, -0.182
gvel: 0.341, 0.0, -0.195
gvel: 0.362, 0.0, -0.207
gvel: 0.383, 0.0, -0.219
gvel: 0.404, 0.0, -0.232
gvel: 0.425, 0.0, -0.244
gvel: 0.447, 0.0, -0.256
gvel: 0.468, 0.0, -0.269
gvel: 0.489, 0.0, -0.281
gvel: 0.51, 0.0, -0.293
gvel: 0.531, 0.0, -0.306
gvel: 0.553, -0.0, -0.318
gvel: 0.574, 0.0, -0.33
gvel: 0.595, 0.0, -0.343
gvel: 0.616, 0.0, -0.355
gvel: 0.637, 0.0, -0.367
gvel: 0.659, 0.0, -0.38
gvel: 0.68, 0.0, -0.392
gvel: 0.701, 0.0, -0.404
gvel: 0.722, 0.0, -0.416
gvel: 0.744, 0.0, -0.429
gvel: 0.765, -0.0, -0.441
gvel: 0.786, -0.0, -0.453
gvel: 0.807, -0.0, -0.466
gvel: 0.828, -0.0, -0.478
gvel: 0.85, -0.0, -0.49
gvel: 0.871, -0.0, -0.502
gvel: 0.892, -0.0, -0.515
gvel: 0.913, -0.0, -0.527
gvel: 0.935, -0.0, -0.539
gvel: 0.956, -0.0, -0.552
gvel: 0.977, -0.0, -0.564
gvel: 0.998, -0.0, -0.576
gvel: 1.019, -0.0, -0.588
gvel: 1.041, -0.0, -0.601
gvel: 1.062, -0.0, -0.613
gvel: 1.083, -0.0, -0.625
gvel: 1.104, -0.0, -0.637
gvel: 1.126, -0.0, -0.65
gvel: 1.147, -0.0, -0.662
gvel: 1.168, -0.0, -0.674
gvel: 1.189, -0.0, -0.686
gvel: 1.211, -0.0, -0.699
gvel: 1.232, -0.0, -0.711
gvel: 1.253, -0.0, -0.723
gvel: 1.274, -0.0, -0.736
gvel: 1.295, -0.0, -0.748
gvel: 1.317, -0.0, -0.76
gvel: 1.338, -0.0, -0.772
gvel: 1.359, -0.0, -0.785
gvel: 1.38, -0.0, -0.797
gvel: 1.402, -0.0, -0.809
gvel: 1.423, -0.0, -0.821
gvel: 1.444, -0.0, -0.834
gvel: 1.465, -0.0, -0.846
gvel: 1.487, -0.0, -0.858
gvel: 1.508, -0.0, -0.87
gvel: 1.529, -0.0, -0.883
gvel: 1.55, -0.0, -0.895
gvel: 1.572, -0.0, -0.907
gvel: 1.593, -0.0, -0.92
gvel: 1.614, -0.0, -0.932
gvel: 1.635, -0.0, -0.944
gvel: 1.656, -0.0, -0.956
gvel: 1.678, -0.0, -0.969
gvel: 1.699, -0.0, -0.981
gvel: 1.72, -0.0, -0.993
gvel: 1.741, -0.0, -1.005
gvel: 1.763, -0.0, -1.018
gvel: 1.784, -0.0, -1.03
gvel: 1.805, -0.0, -1.042
gvel: 1.805, -0.0, -1.091
gvel: 1.838, -0.0, -1.083
gvel: 1.865, -0.0, -1.085
gvel: 1.889, -0.0, -1.092
gvel: 1.912, -0.0, -1.102
gvel: 1.934, -0.0, -1.113
gvel: 1.955, -0.0, -1.125
gvel: 1.977, -0.0, -1.137
gvel: 1.998, -0.0, -1.149
gvel: 2.019, -0.0, -1.162
gvel: 2.04, -0.0, -1.174
gvel: 2.061, -0.0, -1.187
gvel: 2.083, -0.0, -1.199
gvel: 2.104, -0.0, -1.212
gvel: 2.125, -0.0, -1.224
gvel: 2.146, -0.0, -1.236
gvel: 2.167, -0.0, -1.249
gvel: 2.188, -0.0, -1.261
gvel: 2.21, -0.0, -1.273
gvel: 2.231, -0.0, -1.286
gvel: 2.252, -0.0, -1.298
gvel: 2.273, -0.0, -1.311
gvel: 2.294, -0.0, -1.323
gvel: 2.316, -0.0, -1.335
gvel: 2.337, -0.0, -1.348
gvel: 2.358, -0.0, -1.36
gvel: 2.379, -0.0, -1.372
gvel: 2.4, -0.0, -1.385
gvel: 2.422, -0.0, -1.397
gvel: 2.443, -0.0, -1.409
gvel: 2.464, -0.0, -1.422
gvel: 2.485, -0.0, -1.434
gvel: 2.506, -0.0, -1.446
gvel: 2.528, -0.0, -1.458
gvel: 2.549, -0.0, -1.471
gvel: 2.57, -0.0, -1.483
gvel: 2.591, -0.0, -1.495
gvel: 2.612, -0.0, -1.508
gvel: 2.634, -0.0, -1.52
gvel: 2.655, -0.0, -1.532
gvel: 2.676, -0.0, -1.545
gvel: 2.697, -0.0, -1.557
gvel: 2.719, -0.0, -1.569
gvel: 2.74, -0.0, -1.581
gvel: 2.761, -0.0, -1.594
gvel: 2.782, -0.0, -1.606
gvel: 2.803, -0.0, -1.618
gvel: 2.825, -0.0, -1.631
gvel: 2.846, -0.0, -1.643
gvel: 2.867, -0.0, -1.655
gvel: 2.888, -0.0, -1.667
gvel: 2.91, -0.0, -1.68
gvel: 2.931, -0.0, -1.692
gvel: 2.952, -0.0, -1.704
gvel: 2.973, -0.0, -1.716
gvel: 2.995, -0.0, -1.729
gvel: 3.016, -0.0, -1.741
gvel: 3.037, -0.0, -1.753
gvel: 3.058, -0.0, -1.766
gvel: 3.08, -0.0, -1.778
gvel: 3.101, -0.0, -1.79
gvel: 3.122, -0.0, -1.802
gvel: 3.143, -0.0, -1.815
gvel: 3.164, -0.0, -1.827
gvel: 3.186, -0.0, -1.839
gvel: 3.207, -0.0, -1.851
gvel: 3.228, -0.0, -1.864
gvel: 3.249, -0.0, -1.876
gvel: 3.271, -0.0, -1.888
gvel: 3.292, -0.0, -1.9
gvel: 3.313, -0.0, -1.913
gvel: 3.334, -0.0, -1.925
gvel: 3.356, -0.0, -1.937
gvel: 3.377, -0.0, -1.95
gvel: 3.398, -0.0, -1.962
gvel: 3.419, -0.0, -1.974
gvel: 3.441, -0.0, -1.986
gvel: 3.462, -0.0, -1.999
gvel: 3.471, -0.0, -2.031
gvel: 3.487, 0.0, -2.053
gvel: 3.518, -0.0, -2.048
gvel: 3.55, -0.0, -1.222
gvel: 3.566, -0.0, -0.807
gvel: 3.575, -0.0, -0.622
gvel: 3.578, -0.0, -0.566
gvel: 3.58, -0.0, -0.578
gvel: 3.58, -0.0, -0.625
gvel: 3.58, -0.0, -0.674
gvel: 3.58, -0.0, -0.724
gvel: 3.58, -0.0, -0.773
gvel: 3.58, -0.0, -0.822
gvel: 3.58, -0.0, -0.871
gvel: 3.58, -0.0, -0.92
gvel: 3.58, -0.0, -0.969
gvel: 3.58, -0.0, -1.018
gvel: 3.58, -0.0, -0.568
gvel: 3.58, -0.0, -0.346
gvel: 3.58, -0.0, -0.249
gvel: 3.58, -0.0, 0.067
gvel: 3.58, -0.0, 0.121
gvel: 3.58, -0.0, 0.148
gvel: 3.58, -0.0, 0.146
gvel: 3.58, -0.0, 0.131
gvel: 3.58, -0.0, 0.11
