gvel: 0.0, 0.0, 0.0
gvel: 0.003, -0.0, 0.0
gvel: 0.006, 0.0, 0.0
gvel: 0.009, 0.0, -0.0
gvel: 0.012, 0.0, -0.0
gvel: 0.015, 0.0, -0.001
gvel: 0.018, 0.0, -0.001
gvel: 0.021, 0.0, -0.002
gvel: 0.023, 0.0, -0.002
gvel: 0.026, 0.0, -0.003
gvel: 0.029, 0.0, -0.004
gvel: 0.031, 0.0, -0.02
gvel: 0.032, 0.0, -0.049
gvel: 0.037, -0.0, -0.026
gvel: 0.04, -0.0, -0.015
gvel: 0.044, -0.0, -0.01
gvel: 0.046, -0.0, -0.024
gvel: 0.047, -0.0, -0.052
gvel: 0.051, -0.0, -0.028
gvel: 0.055, -0.0, -0.016
gvel: 0.058, -0.0, -0.011
gvel: 0.06, -0.0, -0.025
gvel: 0.062, -0.0, -0.054
gvel: 0.065, -0.0, -0.051
gvel: 0.066, -0.0, -0.075
gvel: 0.071, -0.0, -0.04
gvel: 0.075, -0.0, -0.022
gvel: 0.079, -0.0, -0.014
gvel: 0.081, 0.0, -0.027
gvel: 0.081, 0.0, -0.076
gvel: 0.082, -0.0, -0.098
gvel: 0.088, 0.0, -0.051
gvel: 0.093, 0.0, -0.028
gvel: 0.096, 0.0, -0.017
gvel: 0.098, 0.0, -0.03
gvel: 0.098, 0.0, -0.079
gvel: 0.1, 0.0, -0.1
gvel: 0.106, 0.0, -0.053
gvel: 0.11, 0.0, -0.031
gvel: 0.113, -0.0, -0.038
gvel: 0.113, -0.0, -0.087
gvel: 0.114, -0.0, -0.107
gvel: 0.12, 0.0, -0.058
gvel: 0.125, 0.0, -0.033
gvel: 0.127, -0.0, -0.04
gvel: 0.127, -0.0, -0.089
gvel: 0.129, -0.0, -0.109
gvel: 0.129, -0.0, -0.159
gvel: 0.136, 0.0, -0.081
gvel: 0.142, 0.0, -0.043
gvel: 0.145, -0.0, -0.045
gvel: 0.147, 0.0, -0.056
gvel: 0.149, -0.0, -0.074
gvel: 0.15, -0.0, -0.101
gvel: 0.15, -0.0, -0.15
gvel: 0.155, 0.0, -0.109
gvel: 0.161, 0.0, -0.058
gvel: 0.166, 0.0, -0.035
gvel: 0.166, 0.0, -0.084
gvel: 0.166, 0.0, -0.133
gvel: 0.168, 0.0, -0.152
gvel: 0.175, 0.0, -0.08
gvel: 0.179, -0.0, -0.066
gvel: 0.181, -0.0, -0.069
gvel: 0.181, -0.0, -0.118
gvel: 0.184, -0.0, -0.128
gvel: 0.185, -0.0, -0.151
gvel: 0.192, 0.0, -0.081
gvel: 0.196, -0.0, -0.067
gvel: 0.196, -0.0, -0.116
gvel: 0.196, -0.0, -0.165
gvel: 0.198, -0.0, -0.178
gvel: 0.206, -0.0, -0.093
gvel: 0.21, -0.0, -0.075
gvel: 0.213, -0.0, -0.076
gvel: 0.215, -0.0, -0.091
gvel: 0.215, -0.0, -0.14
gvel: 0.215, -0.0, -0.189
gvel: 0.218, -0.0, -0.202
gvel: 0.226, -0.0, -0.105
gvel: 0.231, -0.0, -0.081
gvel: 0.234, -0.0, -0.079
gvel: 0.234, -0.0, -0.128
gvel: 0.236, -0.0, -0.136
gvel: 0.238, -0.0, -0.159
gvel: 0.238, -0.0, -0.208
gvel: 0.245, -0.0, -0.143
gvel: 0.249, -0.0, -0.12
gvel: 0.251, -0.0, -0.126
gvel: 0.253, -0.0, -0.148
gvel: 0.258, -0.0, -0.108
gvel: 0.258, -0.0, -0.157
gvel: 0.258, -0.0, -0.206
gvel: 0.261, -0.0, -0.214
gvel: 0.27, -0.0, -0.112
gvel: 0.274, -0.0, -0.088
gvel: 0.277, -0.0, -0.086
gvel: 0.277, -0.0, -0.135
gvel: 0.277, -0.0, -0.184
gvel: 0.28, -0.0, -0.184
gvel: 0.282, -0.0, -0.203
gvel: 0.283, -0.0, -0.231
gvel: 0.291, -0.0, -0.147
gvel: 0.296, -0.0, -0.113
gvel: 0.3, -0.0, -0.107
gvel: 0.3, -0.0, -0.156
gvel: 0.303, -0.0, -0.156
gvel: 0.303, -0.0, -0.205
gvel: 0.305, -0.0, -0.217
gvel: 0.305, -0.0, -0.266
gvel: 0.313, -0.0, -0.182
gvel: 0.318, -0.0, -0.15
gvel: 0.321, -0.0, -0.149
gvel: 0.323, -0.0, -0.168
gvel: 0.323, -0.0, -0.217
gvel: 0.323, -0.0, -0.266
gvel: 0.33, -0.0, -0.184
gvel: 0.335, -0.0, -0.153
gvel: 0.338, -0.0, -0.15
gvel: 0.34, -0.0, -0.167
gvel: 0.34, -0.0, -0.216
gvel: 0.34, -0.0, -0.265
gvel: 0.348, -0.0, -0.185
gvel: 0.353, -0.0, -0.156
gvel: 0.356, -0.0, -0.152
gvel: 0.356, -0.0, -0.201
gvel: 0.356, -0.0, -0.25
gvel: 0.359, -0.0, -0.254
gvel: 0.359, -0.0, -0.303
gvel: 0.367, 0.0, -0.205
gvel: 0.376, 0.0, -0.112
gvel: 0.376, 0.0, -0.161
gvel: 0.376, 0.0, -0.21
gvel: 0.376, 0.0, -0.259
gvel: 0.376, 0.0, -0.308
gvel: 0.379, 0.0, -0.302
gvel: 0.391, 0.0, -0.159
gvel: 0.396, 0.0, -0.119
gvel: 0.396, 0.0, -0.168
gvel: 0.396, 0.0, -0.217
gvel: 0.396, 0.0, -0.266
gvel: 0.396, 0.0, -0.315
gvel: 0.4, 0.0, -0.306
gvel: 0.411, 0.0, -0.164
gvel: 0.416, 0.0, -0.124
gvel: 0.416, 0.0, -0.173
gvel: 0.416, 0.0, -0.222
gvel: 0.416, 0.0, -0.271
gvel: 0.416, 0.0, -0.32
gvel: 0.416, 0.0, -0.369
gvel: 0.42, 0.0, -0.352
gvel: 0.433, -0.0, -0.185
gvel: 0.439, -0.0, -0.136
gvel: 0.439, -0.0, -0.185
gvel: 0.439, -0.0, -0.234
gvel: 0.439, -0.0, -0.283
gvel: 0.439, -0.0, -0.332
gvel: 0.443, -0.0, -0.321
gvel: 0.445, -0.0, -0.335
gvel: 0.456, -0.0, -0.207
gvel: 0.462, -0.0, -0.154
gvel: 0.466, -0.0, -0.14
gvel: 0.466, -0.0, -0.19
gvel: 0.466, -0.0, -0.239
gvel: 0.469, -0.0, -0.224
gvel: 0.469, -0.0, -0.273
gvel: 0.469, -0.0, -0.322
gvel: 0.469, -0.0, -0.371
gvel: 0.473, -0.0, -0.362
gvel: 0.475, -0.0, -0.378
gvel: 0.486, -0.0, -0.235
gvel: 0.493, -0.0, -0.172
gvel: 0.493, -0.0, -0.221
gvel: 0.493, -0.0, -0.271
gvel: 0.493, -0.0, -0.32
gvel: 0.493, -0.0, -0.369
gvel: 0.497, -0.0, -0.348
gvel: 0.5, -0.0, -0.357
gvel: 0.51, -0.0, -0.228
gvel: 0.517, -0.0, -0.173
gvel: 0.517, -0.0, -0.222
gvel: 0.517, -0.0, -0.271
gvel: 0.517, -0.0, -0.32
gvel: 0.517, -0.0, -0.369
gvel: 0.521, -0.0, -0.346
gvel: 0.523, -0.0, -0.354
gvel: 0.523, -0.0, -0.403
gvel: 0.535, -0.0, -0.257
gvel: 0.542, -0.0, -0.195
gvel: 0.542, -0.0, -0.244
gvel: 0.542, -0.0, -0.293
gvel: 0.542, -0.0, -0.342
gvel: 0.546, -0.0, -0.318
gvel: 0.546, -0.0, -0.367
gvel: 0.546, -0.0, -0.416
gvel: 0.549, -0.0, -0.411
gvel: 0.561, -0.0, -0.264
gvel: 0.568, -0.0, -0.201
gvel: 0.568, -0.0, -0.25
gvel: 0.568, -0.0, -0.299
gvel: 0.568, -0.0, -0.348
gvel: 0.572, -0.0, -0.324
gvel: 0.575, -0.0, -0.332
gvel: 0.575, -0.0, -0.381
gvel: 0.575, -0.0, -0.43
gvel: 0.587, -0.0, -0.281
gvel: 0.593, -0.0, -0.217
gvel: 0.593, -0.0, -0.266
gvel: 0.593, -0.0, -0.315
gvel: 0.593, -0.0, -0.365
gvel: 0.593, -0.0, -0.414
gvel: 0.599, -0.0, -0.375
gvel: 0.602, -0.0, -0.376
gvel: 0.602, -0.0, -0.425
gvel: 0.602, -0.0, -0.474
gvel: 0.614, -0.0, -0.308
gvel: 0.622, -0.0, -0.236
gvel: 0.622, -0.0, -0.285
gvel: 0.622, -0.0, -0.334
gvel: 0.626, -0.0, -0.307
gvel: 0.626, -0.0, -0.356
gvel: 0.626, -0.0, -0.405
gvel: 0.626, -0.0, -0.454
gvel: 0.626, -0.0, -0.503
gvel: 0.63, -0.0, -0.483
gvel: 0.644, -0.0, -0.312
gvel: 0.651, -0.0, -0.237
gvel: 0.651, -0.0, -0.286
gvel: 0.651, -0.0, -0.335
gvel: 0.656, -0.0, -0.31
gvel: 0.656, -0.0, -0.359
gvel: 0.656, -0.0, -0.408
gvel: 0.656, -0.0, -0.457
gvel: 0.656, -0.0, -0.506
gvel: 0.656, -0.0, -0.555
gvel: 0.66, -0.0, -0.529
gvel: 0.675, -0.0, -0.331
gvel: 0.683, -0.0, -0.246
gvel: 0.683, -0.0, -0.295
gvel: 0.687, -0.0, -0.273
gvel: 0.687, -0.0, -0.322
gvel: 0.687, -0.0, -0.372
gvel: 0.687, -0.0, -0.421
gvel: 0.687, -0.0, -0.47
gvel: 0.687, -0.0, -0.519
gvel: 0.687, -0.0, -0.568
gvel: 0.706, -0.0, -0.302
gvel: 0.706, -0.0, -0.351
gvel: 0.706, -0.0, -0.4
gvel: 0.706, -0.0, -0.449
gvel: 0.706, -0.0, -0.498
gvel: 0.718, -0.0, -0.356
gvel: 0.723, -0.0, -0.322
gvel: 0.723, -0.0, -0.371
gvel: 0.723, -0.0, -0.42
gvel: 0.723, -0.0, -0.47
gvel: 0.723, -0.0, -0.519
gvel: 0.723, -0.0, -0.568
gvel: 0.742, -0.0, -0.3
gvel: 0.749, -0.0, -0.227
gvel: 0.749, -0.0, -0.276
gvel: 0.749, -0.0, -0.325
gvel: 0.749, -0.0, -0.374
gvel: 0.749, -0.0, -0.423
gvel: 0.749, -0.0, -0.472
gvel: 0.754, -0.0, -0.433
gvel: 0.754, -0.0, -0.482
gvel: 0.754, -0.0, -0.531
gvel: 0.754, -0.0, -0.58
gvel: 0.754, -0.0, -0.629
gvel: 0.759, -0.0, -0.604
gvel: 0.776, -0.0, -0.371
gvel: 0.785, -0.0, -0.268
gvel: 0.785, -0.0, -0.317
gvel: 0.785, -0.0, -0.366
gvel: 0.785, -0.0, -0.415
gvel: 0.785, -0.0, -0.465
gvel: 0.79, -0.0, -0.421
gvel: 0.79, -0.0, -0.47
gvel: 0.79, -0.0, -0.519
gvel: 0.79, -0.0, -0.569
gvel: 0.79, -0.0, -0.618
gvel: 0.79, -0.0, -0.667
gvel: 0.812, -0.0, -0.35
gvel: 0.821, -0.0, -0.256
gvel: 0.821, -0.0, -0.305
gvel: 0.821, -0.0, -0.354
gvel: 0.821, -0.0, -0.403
gvel: 0.821, -0.0, -0.452
gvel: 0.821, -0.0, -0.501
gvel: 0.826, -0.0, -0.46
gvel: 0.826, -0.0, -0.509
gvel: 0.826, -0.0, -0.558
gvel: 0.826, -0.0, -0.608
gvel: 0.826, -0.0, -0.657
gvel: 0.826, -0.0, -0.706
gvel: 0.843, -0.0, -0.471
gvel: 0.859, -0.0, -0.257
gvel: 0.859, -0.0, -0.306
gvel: 0.859, -0.0, -0.355
gvel: 0.859, -0.0, -0.405
gvel: 0.859, -0.0, -0.454
gvel: 0.859, -0.0, -0.503
gvel: 0.859, -0.0, -0.552
gvel: 0.859, -0.0, -0.601
gvel: 0.865, -0.0, -0.549
gvel: 0.868, -0.0, -0.545
gvel: 0.868, -0.0, -0.594
gvel: 0.868, -0.0, -0.643
gvel: 0.886, -0.0, -0.396
gvel: 0.895, -0.0, -0.287
gvel: 0.895, -0.0, -0.336
gvel: 0.895, -0.0, -0.385
gvel: 0.895, -0.0, -0.434
gvel: 0.895, -0.0, -0.483
gvel: 0.895, -0.0, -0.532
gvel: 0.895, -0.0, -0.581
gvel: 0.895, -0.0, -0.63
gvel: 0.902, -0.0, -0.566
gvel: 0.902, -0.0, -0.615
gvel: 0.902, -0.0, -0.664
gvel: 0.902, -0.0, -0.713
gvel: 0.902, -0.0, -0.762
gvel: 0.907, -0.0, -0.723
gvel: 0.927, -0.0, -0.439
gvel: 0.938, -0.0, -0.311
gvel: 0.944, -0.0, -0.267
gvel: 0.944, -0.0, -0.316
gvel: 0.944, -0.0, -0.365
gvel: 0.944, -0.0, -0.414
gvel: 0.944, -0.0, -0.463
gvel: 0.95, -0.0, -0.403
gvel: 0.95, -0.0, -0.452
gvel: 0.95, -0.0, -0.501
gvel: 0.95, -0.0, -0.55
gvel: 0.95, -0.0, -0.599
gvel: 0.95, -0.0, -0.648
gvel: 0.95, -0.0, -0.697
gvel: 0.956, -0.0, -0.648
gvel: 0.956, -0.0, -0.697
gvel: 0.956, -0.0, -0.746
gvel: 0.956, -0.0, -0.795
gvel: 0.956, -0.0, -0.844
gvel: 0.977, 0.0, -0.546
gvel: 0.988, 0.0, -0.411
gvel: 0.988, 0.0, -0.46
gvel: 0.995, 0.0, -0.398
gvel: 0.995, 0.0, -0.447
gvel: 0.995, 0.0, -0.496
gvel: 0.995, 0.0, -0.545
gvel: 0.995, 0.0, -0.594
gvel: 0.995, 0.0, -0.643
gvel: 0.995, 0.0, -0.692
gvel: 0.995, 0.0, -0.741
gvel: 1.001, 0.0, -0.683
gvel: 1.001, 0.0, -0.732
gvel: 1.001, 0.0, -0.781
gvel: 1.021, 0.0, -0.498
gvel: 1.032, 0.0, -0.374
gvel: 1.032, 0.0, -0.423
gvel: 1.032, 0.0, -0.472
gvel: 1.038, 0.0, -0.413
gvel: 1.038, 0.0, -0.463
gvel: 1.038, 0.0, -0.512
gvel: 1.038, 0.0, -0.561
gvel: 1.038, 0.0, -0.61
gvel: 1.038, 0.0, -0.659
gvel: 1.038, 0.0, -0.708
gvel: 1.038, 0.0, -0.757
gvel: 1.038, 0.0, -0.806
gvel: 1.045, 0.0, -0.744
gvel: 1.045, 0.0, -0.793
gvel: 1.064, 0.0, -0.513
gvel: 1.064, 0.0, -0.562
gvel: 1.064, 0.0, -0.611
gvel: 1.064, 0.0, -0.66
gvel: 1.064, 0.0, -0.709
gvel: 1.064, 0.0, -0.758
gvel: 1.071, 0.0, -0.693
gvel: 1.089, 0.0, -0.452
gvel: 1.089, 0.0, -0.501
gvel: 1.089, 0.0, -0.55
gvel: 1.089, 0.0, -0.599
gvel: 1.089, 0.0, -0.648
gvel: 1.089, 0.0, -0.697
gvel: 1.095, 0.0, -0.64
gvel: 1.095, 0.0, -0.689
gvel: 1.112, 0.0, -0.458
gvel: 1.112, 0.0, -0.507
gvel: 1.112, 0.0, -0.556
gvel: 1.112, 0.0, -0.605
gvel: 1.112, 0.0, -0.654
gvel: 1.112, 0.0, -0.703
gvel: 1.112, 0.0, -0.753
gvel: 1.112, 0.0, -0.802
gvel: 1.119, 0.0, -0.726
gvel: 1.123, 0.0, -0.71
gvel: 1.142, 0.0, -0.44
gvel: 1.142, 0.0, -0.49
gvel: 1.142, 0.0, -0.539
gvel: 1.142, 0.0, -0.588
gvel: 1.142, 0.0, -0.637
gvel: 1.142, 0.0, -0.686
gvel: 1.142, 0.0, -0.735
gvel: 1.159, 0.0, -0.502
gvel: 1.159, 0.0, -0.551
gvel: 1.159, 0.0, -0.6
gvel: 1.159, 0.0, -0.649
gvel: 1.159, 0.0, -0.698
gvel: 1.159, 0.0, -0.747
gvel: 1.159, 0.0, -0.796
gvel: 1.159, 0.0, -0.846
gvel: 1.168, 0.0, -0.743
gvel: 1.173, 0.0, -0.714
gvel: 1.173, 0.0, -0.763
gvel: 1.173, 0.0, -0.812
gvel: 1.194, 0.0, -0.508
gvel: 1.194, 0.0, -0.557
gvel: 1.194, 0.0, -0.606
gvel: 1.194, 0.0, -0.655
gvel: 1.194, 0.0, -0.704
gvel: 1.194, 0.0, -0.753
gvel: 1.194, 0.0, -0.803
gvel: 1.212, 0.0, -0.56
gvel: 1.212, 0.0, -0.609
gvel: 1.212, 0.0, -0.658
gvel: 1.212, 0.0, -0.708
gvel: 1.212, 0.0, -0.757
gvel: 1.221, 0.0, -0.657
gvel: 1.221, 0.0, -0.706
gvel: 1.221, 0.0, -0.755
gvel: 1.221, 0.0, -0.805
gvel: 1.221, 0.0, -0.854
gvel: 1.221, 0.0, -0.903
gvel: 1.221, 0.0, -0.952
gvel: 1.228, 0.0, -0.884
gvel: 1.251, -0.0, -0.546
gvel: 1.263, -0.0, -0.396
gvel: 1.263, -0.0, -0.445
gvel: 1.263, -0.0, -0.494
gvel: 1.263, -0.0, -0.543
gvel: 1.263, -0.0, -0.592
gvel: 1.263, -0.0, -0.641
gvel: 1.263, -0.0, -0.69
gvel: 1.263, -0.0, -0.739
gvel: 1.271, -0.0, -0.652
gvel: 1.271, -0.0, -0.701
gvel: 1.271, -0.0, -0.75
gvel: 1.271, -0.0, -0.799
gvel: 1.271, -0.0, -0.848
gvel: 1.271, -0.0, -0.897
gvel: 1.271, -0.0, -0.946
gvel: 1.271, -0.0, -0.995
gvel: 1.271, -0.0, -1.044
gvel: 1.271, -0.0, -1.093
gvel: 0.911, -0.0, -0.407
gvel: 0.725, -0.0, -0.045
gvel: 0.628, 0.0, 0.139
gvel: 0.577, 0.0, 0.226
gvel: 0.55, 0.0, 0.259
gvel: 0.535, 0.0, 0.264
gvel: 0.525, -0.0, 0.255
gvel: 0.518, -0.0, 0.238
gvel: 0.513, -0.0, 0.219
gvel: 0.508, -0.0, 0.2
gvel: 0.504, -0.0, 0.181
gvel: 0.499, -0.0, 0.163
gvel: 0.495, -0.0, 0.147
gvel: 0.491, -0.0, 0.131
gvel: 0.487, -0.0, 0.118
gvel: 0.483, -0.0, 0.105
gvel: 0.479, -0.0, 0.093
gvel: 0.475, 0.0, 0.082
gvel: 0.472, 0.0, 0.071
gvel: 0.469, 0.0, 0.062
gvel: 0.467, 0.0, 0.053
gvel: 0.464, 0.0, 0.045
gvel: 0.462, 0.0, 0.038
gvel: 0.46, 0.0, 0.031
gvel: 0.459, 0.0, 0.024
gvel: 0.458, -0.0, 0.018
gvel: 0.457, 0.0, 0.012
gvel: 0.457, 0.0, -0.037
gvel: 0.457, -0.0, -0.019
gvel: 0.458, -0.0, -0.011
gvel: 0.459, 0.0, -0.01
gvel: 0.46, -0.0, -0.012
gvel: 0.461, -0.0, -0.017
gvel: 0.463, -0.0, -0.022
gvel: 0.465, -0.0, -0.028
gvel: 0.468, -0.0, -0.035
gvel: 0.471, -0.0, -0.041
gvel: 0.474, -0.0, -0.048
gvel: 0.478, -0.0, -0.055
gvel: 0.482, 0.0, -0.062
gvel: 0.482, 0.0, -0.111
gvel: 0.489, 0.0, -0.095
gvel: 0.495, 0.0, -0.09
gvel: 0.502, 0.0, -0.091
gvel: 0.508, -0.0, -0.096
gvel: 0.514, 0.0, -0.103
gvel: 0.52, 0.0, -0.111
gvel: 0.527, 0.0, -0.121
gvel: 0.534, -0.0, -0.131
gvel: 0.541, 0.0, -0.141
gvel: 0.541, 0.0, -0.19
gvel: 0.553, 0.0, -0.181
gvel: 0.564, 0.0, -0.181
gvel: 0.573, -0.0, -0.188
gvel: 0.582, 0.0, -0.198
gvel: 0.591, -0.0, -0.21
gvel: 0.6, -0.0, -0.225
gvel: 0.609, -0.0, -0.24
gvel: 0.609, -0.0, -0.289
gvel: 0.623, -0.0, -0.288
gvel: 0.635, -0.0, -0.296
gvel: 0.646, -0.0, -0.309
gvel: 0.656, 0.0, -0.326
gvel: 0.656, 0.0, -0.375
gvel: 0.67, 0.0, -0.38
gvel: 0.682, 0.0, -0.394
gvel: 0.692, 0.0, -0.413
gvel: 0.7, 0.0, -0.436
gvel: 0.7, 0.0, -0.485
gvel: 0.712, 0.0, -0.498
gvel: 0.721, -0.0, -0.52
gvel: 0.721, -0.0, -0.569
gvel: 0.732, -0.0, -0.585
gvel: 0.495, 0.0, -0.16
gvel: 0.359, 0.0, 0.062
gvel: 0.28, 0.0, 0.17
gvel: 0.233, 0.0, 0.215
gvel: 0.204, 0.0, 0.225
gvel: 0.183, 0.0, 0.217
gvel: 0.167, 0.0, 0.2
gvel: 0.154, 0.0, 0.179
gvel: 0.141, -0.0, 0.156
gvel: 0.128, -0.0, 0.133
gvel: 0.114, -0.0, 0.111
gvel: 0.1, -0.0, 0.09
gvel: 0.086, -0.0, 0.069
gvel: 0.071, -0.0, 0.05
gvel: 0.056, -0.0, 0.031
gvel: 0.056, -0.0, -0.018
gvel: 0.056, -0.0, -0.067
gvel: 0.02, -0.0, -0.045
gvel: -0.007, -0.0, -0.039
gvel: -0.029, -0.0, -0.044
gvel: -0.049, -0.0, -0.054
gvel: -0.067, -0.0, -0.067
