gvel: 0.0, 0.0, 0.0
gvel: 0.003, 0.0, -0.002
gvel: 0.006, 0.0, -0.003
gvel: 0.009, 0.0, -0.004
gvel: 0.011, 0.0, -0.006
gvel: 0.014, 0.0, -0.007
gvel: 0.017, 0.0, -0.008
gvel: 0.02, 0.0, -0.009
gvel: 0.023, 0.0, -0.009
gvel: 0.026, 0.0, -0.01
gvel: 0.029, 0.0, -0.011
gvel: 0.032, 0.0, -0.012
gvel: 0.035, 0.0, -0.012
gvel: 0.038, 0.0, -0.013
gvel: 0.039, 0.0, -0.029
gvel: 0.042, 0.0, -0.028
gvel: 0.045, -0.0, -0.027
gvel: 0.048, 0.0, -0.026
gvel: 0.05, 0.0, -0.061
gvel: 0.053, 0.0, -0.057
gvel: 0.056, 0.0, -0.053
gvel: 0.059, 0.0, -0.05
gvel: 0.063, 0.0, -0.046
gvel: 0.066, -0.0, -0.043
gvel: 0.069, -0.0, -0.041
gvel: 0.072, -0.0, -0.038
gvel: 0.075, -0.0, -0.036
gvel: 0.078, -0.0, -0.034
gvel: 0.081, -0.0, -0.032
gvel: 0.084, -0.0, -0.031
gvel: 0.087, -0.0, -0.03
gvel: 0.089, 0.0, -0.045
gvel: 0.092, 0.0, -0.042
gvel: 0.095, 0.0, -0.04
gvel: 0.098, 0.0, -0.038
gvel: 0.101, 0.0, -0.036
gvel: 0.102, 0.0, -0.072
gvel: 0.105, 0.0, -0.067
gvel: 0.108, 0.0, -0.079
gvel: 0.111, 0.0, -0.073
gvel: 0.114, -0.0, -0.068
gvel: 0.117, 0.0, -0.064
gvel: 0.121, 0.0, -0.06
gvel: 0.121, 0.0, -0.094
gvel: 0.125, 0.0, -0.087
gvel: 0.128, 0.0, -0.081
gvel: 0.131, 0.0, -0.075
gvel: 0.135, -0.0, -0.069
gvel: 0.138, -0.0, -0.065
gvel: 0.14, -0.0, -0.077
gvel: 0.142, -0.0, -0.09
gvel: 0.146, -0.0, -0.083
gvel: 0.149, -0.0, -0.077
gvel: 0.15, -0.0, -0.111
gvel: 0.151, -0.0, -0.144
gvel: 0.155, -0.0, -0.132
gvel: 0.158, -0.0, -0.121
gvel: 0.162, -0.0, -0.111
gvel: 0.165, 0.0, -0.101
gvel: 0.169, 0.0, -0.093
gvel: 0.172, 0.0, -0.085
gvel: 0.175, 0.0, -0.078
gvel: 0.179, 0.0, -0.072
gvel: 0.182, 0.0, -0.067
gvel: 0.184, 0.0, -0.079
gvel: 0.186, 0.0, -0.092
gvel: 0.19, 0.0, -0.085
gvel: 0.193, 0.0, -0.079
gvel: 0.194, 0.0, -0.112
gvel: 0.195, 0.0, -0.146
gvel: 0.199, 0.0, -0.134
gvel: 0.202, 0.0, -0.123
gvel: 0.206, 0.0, -0.113
gvel: 0.209, 0.0, -0.105
gvel: 0.212, 0.0, -0.114
gvel: 0.214, 0.0, -0.125
gvel: 0.217, -0.0, -0.115
gvel: 0.221, -0.0, -0.106
gvel: 0.222, -0.0, -0.139
gvel: 0.223, -0.0, -0.172
gvel: 0.227, -0.0, -0.158
gvel: 0.23, -0.0, -0.144
gvel: 0.234, 0.0, -0.133
gvel: 0.238, 0.0, -0.122
gvel: 0.241, 0.0, -0.112
gvel: 0.243, 0.0, -0.122
gvel: 0.246, 0.0, -0.132
gvel: 0.249, 0.0, -0.121
gvel: 0.253, 0.0, -0.112
gvel: 0.254, 0.0, -0.145
gvel: 0.255, 0.0, -0.178
gvel: 0.256, 0.0, -0.211
gvel: 0.26, 0.0, -0.193
gvel: 0.263, 0.0, -0.195
gvel: 0.267, 0.0, -0.177
gvel: 0.271, 0.0, -0.162
gvel: 0.274, 0.0, -0.147
gvel: 0.277, 0.0, -0.154
gvel: 0.279, 0.0, -0.162
gvel: 0.283, 0.0, -0.148
gvel: 0.287, 0.0, -0.136
gvel: 0.29, -0.0, -0.125
gvel: 0.294, -0.0, -0.116
gvel: 0.295, -0.0, -0.148
gvel: 0.296, -0.0, -0.181
gvel: 0.297, -0.0, -0.214
gvel: 0.301, -0.0, -0.196
gvel: 0.305, -0.0, -0.179
gvel: 0.308, -0.0, -0.183
gvel: 0.31, -0.0, -0.187
gvel: 0.313, -0.0, -0.193
gvel: 0.317, -0.0, -0.177
gvel: 0.321, 0.0, -0.162
gvel: 0.324, 0.0, -0.149
gvel: 0.325, 0.0, -0.18
gvel: 0.326, 0.0, -0.212
gvel: 0.327, 0.0, -0.245
gvel: 0.332, 0.0, -0.223
gvel: 0.336, 0.0, -0.204
gvel: 0.34, 0.0, -0.186
gvel: 0.342, 0.0, -0.189
gvel: 0.345, 0.0, -0.193
gvel: 0.348, 0.0, -0.198
gvel: 0.352, 0.0, -0.181
gvel: 0.356, 0.0, -0.166
gvel: 0.359, -0.0, -0.153
gvel: 0.36, -0.0, -0.184
gvel: 0.361, -0.0, -0.216
gvel: 0.362, -0.0, -0.248
gvel: 0.367, -0.0, -0.227
gvel: 0.37, -0.0, -0.228
gvel: 0.372, -0.0, -0.23
gvel: 0.377, -0.0, -0.21
gvel: 0.381, 0.0, -0.193
gvel: 0.384, 0.0, -0.177
gvel: 0.388, 0.0, -0.163
gvel: 0.388, 0.0, -0.212
gvel: 0.388, 0.0, -0.261
gvel: 0.389, 0.0, -0.291
gvel: 0.394, 0.0, -0.265
gvel: 0.398, 0.0, -0.242
gvel: 0.402, 0.0, -0.222
gvel: 0.406, 0.0, -0.203
gvel: 0.409, 0.0, -0.207
gvel: 0.412, 0.0, -0.212
gvel: 0.412, 0.0, -0.261
gvel: 0.413, 0.0, -0.289
gvel: 0.414, 0.0, -0.318
gvel: 0.419, 0.0, -0.29
gvel: 0.423, 0.0, -0.264
gvel: 0.428, 0.0, -0.241
gvel: 0.432, 0.0, -0.22
gvel: 0.436, 0.0, -0.201
gvel: 0.44, 0.0, -0.184
gvel: 0.443, 0.0, -0.19
gvel: 0.445, 0.0, -0.196
gvel: 0.445, 0.0, -0.245
gvel: 0.445, 0.0, -0.294
gvel: 0.446, 0.0, -0.322
gvel: 0.448, 0.0, -0.35
gvel: 0.452, 0.0, -0.318
gvel: 0.457, 0.0, -0.29
gvel: 0.462, 0.0, -0.265
gvel: 0.466, 0.0, -0.242
gvel: 0.47, 0.0, -0.221
gvel: 0.474, 0.0, -0.203
gvel: 0.477, 0.0, -0.207
gvel: 0.479, 0.0, -0.212
gvel: 0.479, 0.0, -0.261
gvel: 0.479, 0.0, -0.31
gvel: 0.481, 0.0, -0.337
gvel: 0.482, 0.0, -0.365
gvel: 0.483, 0.0, -0.394
gvel: 0.488, 0.0, -0.358
gvel: 0.493, 0.0, -0.325
gvel: 0.498, 0.0, -0.295
gvel: 0.503, 0.0, -0.268
gvel: 0.506, 0.0, -0.266
gvel: 0.509, 0.0, -0.265
gvel: 0.512, 0.0, -0.266
gvel: 0.516, 0.0, -0.242
gvel: 0.52, 0.0, -0.222
gvel: 0.524, 0.0, -0.204
gvel: 0.525, 0.0, -0.234
gvel: 0.525, 0.0, -0.283
gvel: 0.525, 0.0, -0.332
gvel: 0.527, 0.0, -0.36
gvel: 0.528, 0.0, -0.389
gvel: 0.533, -0.0, -0.354
gvel: 0.536, -0.0, -0.346
gvel: 0.541, -0.0, -0.315
gvel: 0.544, -0.0, -0.311
gvel: 0.549, -0.0, -0.284
gvel: 0.553, 0.0, -0.259
gvel: 0.556, 0.0, -0.262
gvel: 0.557, 0.0, -0.29
gvel: 0.557, 0.0, -0.339
gvel: 0.559, 0.0, -0.367
gvel: 0.56, 0.0, -0.395
gvel: 0.565, -0.0, -0.36
gvel: 0.568, -0.0, -0.351
gvel: 0.572, -0.0, -0.345
gvel: 0.576, -0.0, -0.315
gvel: 0.581, 0.0, -0.287
gvel: 0.585, 0.0, -0.263
gvel: 0.59, 0.0, -0.242
gvel: 0.59, 0.0, -0.291
gvel: 0.59, 0.0, -0.34
gvel: 0.59, 0.0, -0.389
gvel: 0.591, 0.0, -0.415
gvel: 0.592, 0.0, -0.442
gvel: 0.598, 0.0, -0.402
gvel: 0.603, 0.0, -0.366
gvel: 0.606, 0.0, -0.357
gvel: 0.61, 0.0, -0.35
gvel: 0.614, 0.0, -0.319
gvel: 0.619, 0.0, -0.291
gvel: 0.622, 0.0, -0.292
gvel: 0.623, 0.0, -0.319
gvel: 0.623, 0.0, -0.368
gvel: 0.625, 0.0, -0.395
gvel: 0.626, 0.0, -0.422
gvel: 0.631, 0.0, -0.385
gvel: 0.635, 0.0, -0.375
gvel: 0.638, 0.0, -0.368
gvel: 0.643, 0.0, -0.336
gvel: 0.647, 0.0, -0.307
gvel: 0.647, 0.0, -0.356
gvel: 0.649, 0.0, -0.383
gvel: 0.649, 0.0, -0.432
gvel: 0.654, 0.0, -0.394
gvel: 0.659, -0.0, -0.36
gvel: 0.662, -0.0, -0.354
gvel: 0.665, -0.0, -0.351
gvel: 0.667, -0.0, -0.376
gvel: 0.668, -0.0, -0.403
gvel: 0.67, -0.0, -0.43
gvel: 0.675, -0.0, -0.392
gvel: 0.678, -0.0, -0.383
gvel: 0.682, -0.0, -0.376
gvel: 0.685, -0.0, -0.372
gvel: 0.686, -0.0, -0.396
gvel: 0.688, -0.0, -0.422
gvel: 0.689, -0.0, -0.449
gvel: 0.694, -0.0, -0.409
gvel: 0.699, -0.0, -0.373
gvel: 0.703, -0.0, -0.365
gvel: 0.706, -0.0, -0.36
gvel: 0.709, -0.0, -0.357
gvel: 0.709, -0.0, -0.406
gvel: 0.711, -0.0, -0.43
gvel: 0.712, -0.0, -0.454
gvel: 0.714, -0.0, -0.48
gvel: 0.715, -0.0, -0.507
gvel: 0.721, -0.0, -0.461
gvel: 0.725, -0.0, -0.445
gvel: 0.728, -0.0, -0.431
gvel: 0.732, -0.0, -0.42
gvel: 0.737, -0.0, -0.383
gvel: 0.742, -0.0, -0.349
gvel: 0.747, -0.0, -0.32
gvel: 0.747, -0.0, -0.369
gvel: 0.747, -0.0, -0.418
gvel: 0.748, -0.0, -0.443
gvel: 0.75, -0.0, -0.469
gvel: 0.75, -0.0, -0.518
gvel: 0.754, -0.0, -0.5
gvel: 0.759, -0.0, -0.456
gvel: 0.765, 0.0, -0.415
gvel: 0.77, 0.0, -0.379
gvel: 0.773, 0.0, -0.374
gvel: 0.773, 0.0, -0.423
gvel: 0.774, 0.0, -0.448
gvel: 0.774, 0.0, -0.497
gvel: 0.776, 0.0, -0.521
gvel: 0.782, -0.0, -0.475
gvel: 0.785, -0.0, -0.46
gvel: 0.791, -0.0, -0.42
gvel: 0.794, 0.0, -0.412
gvel: 0.794, 0.0, -0.461
gvel: 0.796, 0.0, -0.484
gvel: 0.797, 0.0, -0.509
gvel: 0.803, 0.0, -0.464
gvel: 0.807, 0.0, -0.45
gvel: 0.81, 0.0, -0.44
gvel: 0.815, 0.0, -0.402
gvel: 0.817, 0.0, -0.427
gvel: 0.817, 0.0, -0.476
gvel: 0.817, 0.0, -0.525
gvel: 0.818, 0.0, -0.549
gvel: 0.824, -0.0, -0.5
gvel: 0.828, -0.0, -0.484
gvel: 0.834, -0.0, -0.441
gvel: 0.837, -0.0, -0.432
gvel: 0.837, -0.0, -0.481
gvel: 0.839, -0.0, -0.504
gvel: 0.84, -0.0, -0.528
gvel: 0.846, -0.0, -0.481
gvel: 0.85, -0.0, -0.467
gvel: 0.853, -0.0, -0.456
gvel: 0.855, -0.0, -0.48
gvel: 0.856, -0.0, -0.505
gvel: 0.856, -0.0, -0.554
gvel: 0.861, -0.0, -0.535
gvel: 0.866, -0.0, -0.487
gvel: 0.872, 0.0, -0.444
gvel: 0.875, 0.0, -0.435
gvel: 0.875, 0.0, -0.484
gvel: 0.877, 0.0, -0.507
gvel: 0.878, 0.0, -0.531
gvel: 0.878, 0.0, -0.58
gvel: 0.878, 0.0, -0.629
gvel: 0.885, 0.0, -0.572
gvel: 0.891, 0.0, -0.519
gvel: 0.897, 0.0, -0.472
gvel: 0.9, 0.0, -0.458
gvel: 0.904, 0.0, -0.447
gvel: 0.907, 0.0, -0.44
gvel: 0.907, 0.0, -0.489
gvel: 0.909, 0.0, -0.509
gvel: 0.911, 0.0, -0.531
gvel: 0.912, 0.0, -0.555
gvel: 0.914, 0.0, -0.58
gvel: 0.915, 0.0, -0.606
gvel: 0.92, 0.0, -0.579
gvel: 0.924, 0.0, -0.556
gvel: 0.928, 0.0, -0.536
gvel: 0.932, 0.0, -0.52
gvel: 0.936, 0.0, -0.508
gvel: 0.937, 0.0, -0.527
gvel: 0.939, 0.0, -0.548
gvel: 0.941, 0.0, -0.57
gvel: 0.942, 0.0, -0.594
gvel: 0.948, -0.0, -0.541
gvel: 0.954, -0.0, -0.493
gvel: 0.958, -0.0, -0.477
gvel: 0.962, -0.0, -0.464
gvel: 0.965, -0.0, -0.455
gvel: 0.965, -0.0, -0.504
gvel: 0.965, -0.0, -0.553
gvel: 0.965, -0.0, -0.602
gvel: 0.967, -0.0, -0.621
gvel: 0.969, -0.0, -0.641
gvel: 0.971, -0.0, -0.663
gvel: 0.972, -0.0, -0.686
gvel: 0.979, -0.0, -0.624
gvel: 0.985, -0.0, -0.566
gvel: 0.99, -0.0, -0.542
gvel: 0.994, -0.0, -0.522
gvel: 0.998, -0.0, -0.505
gvel: 1.001, -0.0, -0.492
gvel: 1.005, -0.0, -0.483
gvel: 1.005, -0.0, -0.532
gvel: 1.007, -0.0, -0.55
gvel: 1.009, -0.0, -0.57
gvel: 1.01, -0.0, -0.591
gvel: 1.012, -0.0, -0.614
gvel: 1.013, -0.0, -0.639
gvel: 1.013, -0.0, -0.688
gvel: 1.018, -0.0, -0.657
gvel: 1.023, -0.0, -0.63
gvel: 1.027, -0.0, -0.607
gvel: 1.031, -0.0, -0.589
gvel: 1.037, -0.0, -0.537
gvel: 1.039, -0.0, -0.556
gvel: 1.04, -0.0, -0.578
gvel: 1.042, -0.0, -0.6
gvel: 1.044, -0.0, -0.625
gvel: 1.044, -0.0, -0.674
gvel: 1.048, -0.0, -0.644
gvel: 1.053, -0.0, -0.618
gvel: 1.057, -0.0, -0.596
gvel: 1.061, -0.0, -0.579
gvel: 1.063, -0.0, -0.597
gvel: 1.065, -0.0, -0.617
gvel: 1.066, -0.0, -0.638
gvel: 1.068, -0.0, -0.661
gvel: 1.074, -0.0, -0.601
gvel: 1.079, -0.0, -0.577
gvel: 1.083, -0.0, -0.556
gvel: 1.087, -0.0, -0.54
gvel: 1.087, -0.0, -0.589
gvel: 1.087, -0.0, -0.638
gvel: 1.087, -0.0, -0.687
gvel: 1.089, -0.0, -0.704
gvel: 1.091, -0.0, -0.723
gvel: 1.092, -0.0, -0.743
gvel: 1.099, -0.0, -0.675
gvel: 1.106, -0.0, -0.613
gvel: 1.111, -0.0, -0.588
gvel: 1.115, -0.0, -0.566
gvel: 1.119, -0.0, -0.549
gvel: 1.122, -0.0, -0.537
gvel: 1.122, -0.0, -0.586
gvel: 1.124, -0.0, -0.603
gvel: 1.126, -0.0, -0.622
gvel: 1.128, -0.0, -0.643
gvel: 1.129, -0.0, -0.666
gvel: 1.129, -0.0, -0.715
gvel: 1.129, -0.0, -0.764
gvel: 1.129, -0.0, -0.813
gvel: 1.135, -0.0, -0.774
gvel: 1.14, -0.0, -0.739
gvel: 1.147, -0.0, -0.671
gvel: 1.153, -0.0, -0.61
gvel: 1.16, -0.0, -0.555
gvel: 1.165, -0.0, -0.507
gvel: 1.165, -0.0, -0.556
gvel: 1.165, -0.0, -0.605
gvel: 1.165, -0.0, -0.654
gvel: 1.165, -0.0, -0.703
gvel: 1.165, -0.0, -0.752
gvel: 1.167, -0.0, -0.769
gvel: 1.169, -0.0, -0.788
gvel: 1.176, -0.0, -0.717
gvel: 1.181, -0.0, -0.686
gvel: 1.186, -0.0, -0.659
gvel: 1.19, -0.0, -0.637
gvel: 1.192, -0.0, -0.654
gvel: 1.194, -0.0, -0.674
gvel: 1.195, -0.0, -0.695
gvel: 1.2, -0.0, -0.666
gvel: 1.204, -0.0, -0.642
gvel: 1.204, -0.0, -0.691
gvel: 1.204, -0.0, -0.74
gvel: 1.206, -0.0, -0.757
gvel: 1.208, -0.0, -0.776
gvel: 1.215, -0.0, -0.706
gvel: 1.22, -0.0, -0.676
gvel: 1.225, -0.0, -0.651
gvel: 1.229, -0.0, -0.63
gvel: 1.229, -0.0, -0.679
gvel: 1.231, -0.0, -0.695
gvel: 1.233, -0.0, -0.713
gvel: 1.234, -0.0, -0.733
gvel: 1.236, -0.0, -0.755
gvel: 1.236, -0.0, -0.804
gvel: 1.241, -0.0, -0.764
gvel: 1.246, -0.0, -0.73
gvel: 1.251, -0.0, -0.7
gvel: 1.255, -0.0, -0.676
gvel: 1.262, -0.0, -0.617
gvel: 1.264, -0.0, -0.634
gvel: 1.266, -0.0, -0.654
gvel: 1.266, -0.0, -0.703
gvel: 1.266, -0.0, -0.752
gvel: 1.266, -0.0, -0.801
gvel: 1.266, -0.0, -0.85
gvel: 1.268, -0.0, -0.866
gvel: 1.269, -0.0, -0.884
gvel: 1.277, -0.0, -0.802
gvel: 1.285, -0.0, -0.728
gvel: 1.29, -0.0, -0.693
gvel: 1.294, -0.0, -0.664
gvel: 1.299, -0.0, -0.639
gvel: 1.228, -0.0, -0.548
gvel: 1.163, -0.0, -0.465
gvel: 1.101, -0.0, -0.391
gvel: 1.044, -0.0, -0.325
gvel: 0.99, -0.0, -0.266
gvel: 0.939, -0.0, -0.214
gvel: 0.891, -0.0, -0.168
gvel: 0.847, 0.0, -0.127
gvel: 0.806, 0.0, -0.091
gvel: 0.768, 0.0, -0.058
gvel: 0.734, 0.0, -0.029
gvel: 0.703, 0.0, -0.004
gvel: 0.674, 0.0, 0.019
gvel: 0.647, 0.0, 0.039
gvel: 0.623, 0.0, 0.057
gvel: 0.6, 0.0, 0.072
gvel: 0.58, 0.0, 0.085
gvel: 0.561, 0.0, 0.096
gvel: 0.544, 0.0, 0.106
gvel: 0.528, 0.001, 0.114
gvel: 0.514, 0.001, 0.121
gvel: 0.501, 0.001, 0.126
gvel: 0.488, 0.001, 0.13
gvel: 0.477, 0.001, 0.133
gvel: 0.467, 0.001, 0.135
gvel: 0.458, 0.001, 0.137
gvel: 0.449, 0.001, 0.137
gvel: 0.441, 0.001, 0.137
gvel: 0.434, 0.001, 0.136
gvel: 0.428, 0.001, 0.135
gvel: 0.422, 0.001, 0.133
gvel: 0.417, 0.001, 0.131
gvel: 0.412, 0.001, 0.128
gvel: 0.408, 0.001, 0.125
gvel: 0.404, 0.001, 0.122
gvel: 0.401, 0.001, 0.118
gvel: 0.399, 0.001, 0.114
gvel: 0.396, 0.001, 0.11
gvel: 0.394, 0.001, 0.106
gvel: 0.393, 0.001, 0.101
gvel: 0.392, 0.001, 0.096
gvel: 0.391, 0.001, 0.092
gvel: 0.391, 0.001, 0.087
gvel: 0.391, 0.001, 0.081
gvel: 0.392, 0.001, 0.076
gvel: 0.392, 0.001, 0.071
gvel: 0.394, 0.001, 0.065
gvel: 0.395, 0.001, 0.06
gvel: 0.397, 0.001, 0.054
gvel: 0.399, 0.001, 0.048
gvel: 0.402, 0.001, 0.042
gvel: 0.405, 0.001, 0.036
gvel: 0.408, 0.001, 0.03
gvel: 0.412, 0.001, 0.024
gvel: 0.416, 0.001, 0.017
gvel: 0.42, 0.001, 0.011
gvel: 0.424, 0.001, 0.004
gvel: 0.429, 0.001, -0.003
gvel: 0.435, 0.001, -0.01
gvel: 0.44, 0.001, -0.017
gvel: 0.446, 0.001, -0.024
gvel: 0.452, 0.001, -0.032
gvel: 0.459, 0.001, -0.04
gvel: 0.466, 0.001, -0.048
gvel: 0.473, 0.001, -0.056
gvel: 0.48, 0.001, -0.065
gvel: 0.488, 0.001, -0.074
gvel: 0.496, 0.001, -0.083
gvel: 0.505, 0.001, -0.093
gvel: 0.513, 0.001, -0.103
gvel: 0.522, 0.001, -0.114
gvel: 0.532, 0.001, -0.125
gvel: 0.541, 0.001, -0.137
gvel: 0.548, 0.013, -0.157
gvel: 0.548, 0.013, -0.206
gvel: 0.548, 0.013, -0.255
gvel: 0.548, 0.013, -0.305
gvel: 0.562, 0.012, -0.307
gvel: 0.576, 0.01, -0.31
gvel: 0.591, 0.009, -0.315
gvel: 0.605, 0.008, -0.321
gvel: 0.619, 0.007, -0.329
gvel: 0.633, 0.006, -0.339
gvel: 0.647, 0.006, -0.35
gvel: 0.661, 0.005, -0.362
gvel: 0.674, 0.004, -0.376
gvel: 0.687, 0.003, -0.392
gvel: 0.7, 0.002, -0.409
gvel: 0.712, 0.001, -0.428
gvel: 0.72, -0.007, -0.455
gvel: 0.728, -0.014, -0.483
gvel: 0.728, -0.014, -0.532
gvel: 0.671, -0.013, -0.468
gvel: 0.617, -0.012, -0.409
gvel: 0.566, -0.011, -0.356
gvel: 0.517, -0.01, -0.307
gvel: 0.471, -0.009, -0.264
gvel: 0.427, -0.008, -0.224
gvel: 0.386, -0.007, -0.189
gvel: 0.347, -0.006, -0.158
gvel: 0.311, -0.005, -0.13
gvel: 0.277, -0.004, -0.105
gvel: 0.244, -0.003, -0.083
gvel: 0.213, -0.003, -0.064
gvel: 0.184, -0.002, -0.048
gvel: 0.156, -0.001, -0.034
gvel: 0.13, -0.001, -0.022
gvel: 0.104, -0.0, -0.012
gvel: 0.079, 0.0, -0.004
gvel: 0.056, 0.001, 0.002
gvel: 0.033, 0.001, 0.007
gvel: 0.01, 0.001, 0.01
gvel: -0.011, 0.002, 0.012
gvel: -0.032, 0.002, 0.012
gvel: -0.053, 0.002, 0.011
gvel: -0.073, 0.003, 0.009
gvel: -0.092, 0.003, 0.006
gvel: -0.112, 0.003, 0.002
gvel: -0.131, 0.003, -0.004
gvel: -0.149, 0.004, -0.01
gvel: -0.168, 0.004, -0.017
gvel: -0.186, 0.004, -0.026
