gvel:gvel: 0.0, 0.0, 0.0
gvel: 0.005, 0.0, 0.006
gvel: 0.008, 0.0, 0.005
gvel: 0.011, -0.0, 0.004
gvel: 0.014, -0.0, 0.003
gvel: 0.016, 0.0, 0.001
gvel: 0.019, 0.0, 0.0
gvel: 0.022, 0.0, -0.001
gvel: 0.025, 0.0, -0.002
gvel: 0.025, 0.0, -0.051
gvel: 0.031, 0.0, 0.001
gvel: 0.034, 0.0, -0.002
gvel: 0.036, 0.0, -0.019
gvel: 0.037, 0.0, -0.04
gvel: 0.043, 0.0, -0.002
gvel: 0.043, 0.0, -0.051
gvel: 0.049, 0.0, -0.002
gvel: 0.049, 0.0, -0.051
gvel: 0.054, 0.0, -0.002
gvel: 0.054, 0.0, -0.051
gvel: 0.058, 0.0, -0.035
gvel: 0.061, -0.0, -0.041
gvel: 0.062, -0.0, -0.079
gvel: 0.069, 0.001, 0.002
gvel: 0.071, 0.0, -0.018
gvel: 0.071, 0.0, -0.067
gvel: 0.074, 0.0, -0.074
gvel: 0.081, 0.001, 0.0
gvel: 0.081, 0.001, -0.049
gvel: 0.085, 0.0, -0.036
gvel: 0.087, 0.0, -0.042
gvel: 0.087, 0.0, -0.091
gvel: 0.094, 0.0, -0.034
gvel: 0.096, 0.0, -0.04
gvel: 0.096, 0.0, -0.089
gvel: 0.103, 0.0, -0.034
gvel: 0.105, 0.0, -0.041
gvel: 0.105, 0.0, -0.09
gvel: 0.111, -0.0, -0.036
gvel: 0.114, -0.0, -0.043
gvel: 0.114, -0.0, -0.092
gvel: 0.12, -0.0, -0.039
gvel: 0.12, -0.0, -0.088
gvel: 0.123, -0.0, -0.079
gvel: 0.123, -0.0, -0.128
gvel: 0.132, -0.0, -0.034
gvel: 0.135, -0.0, -0.041
gvel: 0.135, -0.0, -0.09
gvel: 0.141, -0.0, -0.04
gvel: 0.141, -0.0, -0.089
gvel: 0.144, -0.0, -0.082
gvel: 0.144, -0.0, -0.131
gvel: 0.152, -0.0, -0.04
gvel: 0.152, -0.0, -0.089
gvel: 0.156, -0.0, -0.081
gvel: 0.156, -0.0, -0.13
gvel: 0.164, -0.0, -0.042
gvel: 0.164, -0.0, -0.091
gvel: 0.167, -0.0, -0.084
gvel: 0.167, -0.0, -0.133
gvel: 0.167, -0.0, -0.182
gvel: 0.178, -0.0, -0.05
gvel: 0.178, -0.0, -0.099
gvel: 0.183, -0.0, -0.074
gvel: 0.183, -0.0, -0.124
gvel: 0.183, -0.0, -0.173
gvel: 0.193, -0.0, -0.05
gvel: 0.193, -0.0, -0.099
gvel: 0.197, -0.0, -0.078
gvel: 0.197, -0.0, -0.127
gvel: 0.197, -0.0, -0.176
gvel: 0.207, -0.0, -0.054
gvel: 0.207, -0.0, -0.103
gvel: 0.212, -0.0, -0.082
gvel: 0.212, -0.0, -0.131
gvel: 0.212, -0.0, -0.18
gvel: 0.222, -0.0, -0.06
gvel: 0.222, -0.0, -0.109
gvel: 0.222, -0.0, -0.158
gvel: 0.227, -0.0, -0.121
gvel: 0.227, -0.0, -0.17
gvel: 0.227, -0.0, -0.219
gvel: 0.24, -0.0, -0.054
gvel: 0.24, -0.0, -0.103
gvel: 0.24, -0.0, -0.152
gvel: 0.245, -0.0, -0.116
gvel: 0.245, -0.0, -0.165
gvel: 0.245, -0.0, -0.214
gvel: 0.257, -0.0, -0.058
gvel: 0.257, -0.0, -0.107
gvel: 0.257, -0.0, -0.156
gvel: 0.262, -0.0, -0.121
gvel: 0.262, -0.0, -0.17
gvel: 0.262, -0.0, -0.22
gvel: 0.262, -0.0, -0.269
gvel: 0.277, -0.0, -0.063
gvel: 0.277, -0.0, -0.112
gvel: 0.277, -0.0, -0.162
gvel: 0.284, -0.0, -0.108
gvel: 0.284, -0.0, -0.157
gvel: 0.284, -0.0, -0.206
gvel: 0.284, -0.0, -0.255
gvel: 0.298, -0.0, -0.072
gvel: 0.298, -0.0, -0.121
gvel: 0.298, -0.0, -0.17
gvel: 0.303, -0.0, -0.122
gvel: 0.303, -0.0, -0.171
gvel: 0.303, -0.0, -0.22
gvel: 0.303, -0.0, -0.27
gvel: 0.318, -0.0, -0.08
gvel: 0.318, -0.0, -0.129
gvel: 0.318, -0.0, -0.178
gvel: 0.318, -0.0, -0.227
gvel: 0.325, -0.0, -0.161
gvel: 0.325, -0.0, -0.21
gvel: 0.325, -0.0, -0.259
gvel: 0.325, -0.0, -0.308
gvel: 0.342, -0.0, -0.071
gvel: 0.342, -0.0, -0.12
gvel: 0.342, -0.0, -0.169
gvel: 0.342, -0.0, -0.218
gvel: 0.349, -0.0, -0.155
gvel: 0.349, -0.0, -0.204
gvel: 0.349, -0.0, -0.253
gvel: 0.349, -0.0, -0.302
gvel: 0.349, -0.0, -0.351
gvel: 0.368, -0.0, -0.073
gvel: 0.368, -0.0, -0.122
gvel: 0.368, -0.0, -0.171
gvel: 0.368, -0.0, -0.22
gvel: 0.376, -0.0, -0.139
gvel: 0.376, -0.0, -0.188
gvel: 0.376, -0.0, -0.237
gvel: 0.376, -0.0, -0.286
gvel: 0.376, -0.0, -0.335
gvel: 0.393, -0.0, -0.095
gvel: 0.393, -0.0, -0.144
gvel: 0.393, -0.0, -0.193
gvel: 0.393, -0.0, -0.242
gvel: 0.401, -0.0, -0.169
gvel: 0.401, -0.0, -0.218
gvel: 0.401, -0.0, -0.267
gvel: 0.401, -0.0, -0.316
gvel: 0.401, -0.0, -0.365
gvel: 0.42, -0.0, -0.1
gvel: 0.42, -0.0, -0.149
gvel: 0.42, -0.0, -0.199
gvel: 0.42, -0.0, -0.248
gvel: 0.42, -0.0, -0.297
gvel: 0.428, -0.0, -0.202
gvel: 0.428, -0.0, -0.251
gvel: 0.428, -0.0, -0.3
gvel: 0.428, -0.0, -0.349
gvel: 0.428, -0.0, -0.398
gvel: 0.449, -0.0, -0.092
gvel: 0.449, -0.0, -0.141
gvel: 0.449, -0.0, -0.19
gvel: 0.449, -0.0, -0.239
gvel: 0.449, -0.0, -0.288
gvel: 0.458, -0.0, -0.199
gvel: 0.458, -0.0, -0.249
gvel: 0.458, -0.0, -0.298
gvel: 0.458, -0.0, -0.347
gvel: 0.458, -0.0, -0.396
gvel: 0.458, -0.0, -0.445
gvel: 0.481, -0.0, -0.099
gvel: 0.481, -0.0, -0.148
gvel: 0.481, -0.0, -0.197
gvel: 0.481, -0.0, -0.246
gvel: 0.481, -0.0, -0.295
gvel: 0.491, -0.0, -0.186
gvel: 0.491, -0.0, -0.235
gvel: 0.491, -0.0, -0.284
gvel: 0.491, -0.0, -0.334
gvel: 0.491, -0.0, -0.383
gvel: 0.491, -0.0, -0.432
gvel: 0.491, -0.0, -0.481
gvel: 0.516, -0.0, -0.117
gvel: 0.516, -0.0, -0.166
gvel: 0.516, -0.0, -0.215
gvel: 0.516, -0.0, -0.264
gvel: 0.516, -0.0, -0.313
gvel: 0.526, -0.0, -0.192
gvel: 0.526, -0.0, -0.241
gvel: 0.526, -0.0, -0.29
gvel: 0.526, -0.0, -0.339
gvel: 0.526, -0.0, -0.389
gvel: 0.526, -0.0, -0.438
gvel: 0.526, -0.0, -0.487
gvel: 0.526, -0.0, -0.536
gvel: 0.554, -0.0, -0.111
gvel: 0.554, -0.0, -0.16
gvel: 0.554, -0.0, -0.209
gvel: 0.554, -0.0, -0.258
gvel: 0.554, -0.0, -0.307
gvel: 0.565, -0.0, -0.172
gvel: 0.565, -0.0, -0.221
gvel: 0.565, -0.0, -0.27
gvel: 0.565, -0.0, -0.319
gvel: 0.565, -0.0, -0.368
gvel: 0.565, -0.0, -0.417
gvel: 0.565, -0.0, -0.466
gvel: 0.565, -0.0, -0.515
gvel: 0.565, -0.0, -0.564
gvel: 0.593, -0.0, -0.15
gvel: 0.593, -0.0, -0.199
gvel: 0.593, -0.0, -0.248
gvel: 0.593, -0.0, -0.298
gvel: 0.593, -0.0, -0.347
gvel: 0.605, -0.0, -0.2
gvel: 0.605, -0.0, -0.249
gvel: 0.605, -0.0, -0.298
gvel: 0.605, -0.0, -0.347
gvel: 0.605, -0.0, -0.396
gvel: 0.605, -0.0, -0.445
gvel: 0.605, -0.0, -0.495
gvel: 0.605, -0.0, -0.544
gvel: 0.605, -0.0, -0.593
gvel: 0.635, -0.0, -0.143
gvel: 0.635, -0.0, -0.192
gvel: 0.635, -0.0, -0.241
gvel: 0.635, -0.0, -0.29
gvel: 0.635, -0.0, -0.339
gvel: 0.635, -0.0, -0.388
gvel: 0.647, -0.0, -0.226
gvel: 0.647, -0.0, -0.275
gvel: 0.647, -0.0, -0.325
gvel: 0.647, -0.0, -0.374
gvel: 0.647, -0.0, -0.423
gvel: 0.647, -0.0, -0.472
gvel: 0.647, -0.0, -0.521
gvel: 0.647, -0.0, -0.57
gvel: 0.647, -0.0, -0.619
gvel: 0.678, -0.0, -0.156
gvel: 0.678, -0.0, -0.205
gvel: 0.678, -0.0, -0.254
gvel: 0.678, -0.0, -0.304
gvel: 0.678, -0.0, -0.353
gvel: 0.678, -0.0, -0.402
gvel: 0.678, -0.0, -0.451
gvel: 0.691, -0.0, -0.278
gvel: 0.691, -0.0, -0.327
gvel: 0.691, -0.0, -0.376
gvel: 0.691, -0.0, -0.425
gvel: 0.691, -0.0, -0.474
gvel: 0.691, -0.0, -0.524
gvel: 0.691, -0.0, -0.573
gvel: 0.691, -0.0, -0.622
gvel: 0.691, -0.0, -0.671
gvel: 0.727, -0.0, -0.126
gvel: 0.727, -0.0, -0.175
gvel: 0.727, -0.0, -0.224
gvel: 0.727, -0.0, -0.273
gvel: 0.727, -0.0, -0.322
gvel: 0.727, -0.0, -0.371
gvel: 0.727, -0.0, -0.42
gvel: 0.727, -0.0, -0.469
gvel: 0.741, -0.0, -0.283
gvel: 0.741, -0.0, -0.332
gvel: 0.741, -0.0, -0.381
gvel: 0.741, -0.0, -0.43
gvel: 0.741, -0.0, -0.479
gvel: 0.741, -0.0, -0.528
gvel: 0.741, -0.0, -0.577
gvel: 0.741, -0.0, -0.626
gvel: 0.741, -0.0, -0.675
gvel: 0.741, -0.0, -0.724
gvel: 0.778, -0.0, -0.167
gvel: 0.778, -0.0, -0.216
gvel: 0.778, -0.0, -0.265
gvel: 0.778, -0.0, -0.314
gvel: 0.778, -0.0, -0.363
gvel: 0.778, -0.0, -0.412
gvel: 0.778, -0.0, -0.461
gvel: 0.778, -0.0, -0.51
gvel: 0.792, -0.0, -0.313
gvel: 0.792, -0.0, -0.362
gvel: 0.792, -0.0, -0.411
gvel: 0.792, -0.0, -0.46
gvel: 0.792, -0.0, -0.509
gvel: 0.792, -0.0, -0.558
gvel: 0.792, -0.0, -0.607
gvel: 0.792, -0.0, -0.656
gvel: 0.792, -0.0, -0.705
gvel: 0.792, -0.0, -0.754
gvel: 0.831, -0.0, -0.169
gvel: 0.831, -0.0, -0.218
gvel: 0.831, -0.0, -0.267
gvel: 0.831, -0.0, -0.316
gvel: 0.831, -0.0, -0.365
gvel: 0.831, -0.0, -0.414
gvel: 0.831, -0.0, -0.463
gvel: 0.831, -0.0, -0.512
gvel: 0.831, -0.0, -0.561
gvel: 0.846, -0.0, -0.351
gvel: 0.846, -0.0, -0.4
gvel: 0.846, -0.0, -0.449
gvel: 0.846, -0.0, -0.498
gvel: 0.846, -0.0, -0.547
gvel: 0.846, -0.0, -0.596
gvel: 0.846, -0.0, -0.645
gvel: 0.846, -0.0, -0.694
gvel: 0.846, -0.0, -0.743
gvel: 0.846, -0.0, -0.792
gvel: 0.886, -0.0, -0.184
gvel: 0.886, -0.0, -0.233
gvel: 0.886, -0.0, -0.282
gvel: 0.886, -0.0, -0.331
gvel: 0.886, -0.0, -0.38
gvel: 0.886, -0.0, -0.429
gvel: 0.886, -0.0, -0.478
gvel: 0.886, -0.0, -0.527
gvel: 0.886, -0.0, -0.576
gvel: 0.886, -0.0, -0.625
gvel: 0.902, -0.0, -0.403
gvel: 0.902, -0.0, -0.452
gvel: 0.902, -0.0, -0.501
gvel: 0.902, -0.0, -0.55
gvel: 0.902, -0.0, -0.599
gvel: 0.902, -0.0, -0.648
gvel: 0.902, -0.0, -0.697
gvel: 0.902, -0.0, -0.746
gvel: 0.902, -0.0, -0.795
gvel: 0.902, -0.0, -0.844
gvel: 0.945, -0.0, -0.168
gvel: 0.945, -0.0, -0.217
gvel: 0.945, -0.0, -0.266
gvel: 0.945, -0.0, -0.315
gvel: 0.945, -0.0, -0.364
gvel: 0.945, -0.0, -0.413
gvel: 0.945, -0.0, -0.462
gvel: 0.945, -0.0, -0.511
gvel: 0.945, -0.0, -0.56
gvel: 0.945, -0.0, -0.609
gvel: 0.945, -0.0, -0.658
gvel: 0.945, -0.0, -0.708
gvel: 0.964, -0.0, -0.445
gvel: 0.964, -0.0, -0.494
gvel: 0.964, -0.0, -0.543
gvel: 0.964, -0.0, -0.592
gvel: 0.964, -0.0, -0.641
gvel: 0.964, -0.0, -0.69
gvel: 0.964, -0.0, -0.739
gvel: 0.964, -0.0, -0.788
gvel: 0.964, -0.0, -0.837
gvel: 0.964, -0.0, -0.886
gvel: 1.011, 0.0, -0.161
gvel: 1.011, 0.0, -0.21
gvel: 1.011, 0.0, -0.259
gvel: 1.011, 0.0, -0.308
gvel: 1.011, 0.0, -0.357
gvel: 1.011, 0.0, -0.406
gvel: 1.011, 0.0, -0.455
gvel: 1.011, 0.0, -0.504
gvel: 1.011, 0.0, -0.553
gvel: 1.011, 0.0, -0.602
gvel: 1.011, 0.0, -0.651
gvel: 1.011, 0.0, -0.7
gvel: 1.011, 0.0, -0.749
gvel: 1.011, 0.0, -0.798
gvel: 1.011, 0.0, -0.847
gvel: 1.031, -0.0, -0.553
gvel: 1.031, -0.0, -0.602
gvel: 1.031, -0.0, -0.651
gvel: 1.031, -0.0, -0.7
gvel: 1.031, -0.0, -0.749
gvel: 1.031, -0.0, -0.799
gvel: 1.031, -0.0, -0.848
gvel: 1.031, -0.0, -0.897
gvel: 1.031, -0.0, -0.946
gvel: 1.086, -0.0, -0.086
gvel: 1.086, -0.0, -0.135
gvel: 1.086, -0.0, -0.184
gvel: 1.086, -0.0, -0.233
gvel: 1.086, -0.0, -0.282
gvel: 1.086, -0.0, -0.331
gvel: 1.086, -0.0, -0.38
gvel: 1.086, -0.0, -0.429
gvel: 1.086, -0.0, -0.478
gvel: 1.086, -0.0, -0.527
gvel: 1.086, -0.0, -0.576
gvel: 1.086, -0.0, -0.625
gvel: 1.086, -0.0, -0.674
gvel: 1.086, -0.0, -0.723
gvel: 1.086, -0.0, -0.772
gvel: 1.086, -0.0, -0.821
gvel: 1.086, -0.0, -0.87
gvel: 1.086, -0.0, -0.919
gvel: 1.107, -0.0, -0.62
gvel: 1.107, -0.0, -0.669
gvel: 1.107, -0.0, -0.718
gvel: 1.107, -0.0, -0.768
gvel: 1.107, -0.0, -0.817
gvel: 1.107, -0.0, -0.866
gvel: 1.107, -0.0, -0.915
gvel: 1.107, -0.0, -0.964
gvel: 1.107, -0.0, -1.013
gvel: 1.107, -0.0, -1.062
gvel: 1.167, -0.0, -0.108
gvel: 1.167, -0.0, -0.157
gvel: 1.167, -0.0, -0.206
gvel: 1.167, -0.0, -0.255
gvel: 1.167, -0.0, -0.304
gvel: 1.167, -0.0, -0.353
gvel: 1.167, -0.0, -0.402
gvel: 1.167, -0.0, -0.451
gvel: 1.167, -0.0, -0.501
gvel: 1.167, -0.0, -0.55
gvel: 1.167, -0.0, -0.599
gvel: 1.167, -0.0, -0.648
gvel: 1.167, -0.0, -0.697
gvel: 1.167, -0.0, -0.746
gvel: 1.167, -0.0, -0.795
gvel: 1.167, -0.0, -0.844
gvel: 1.167, -0.0, -0.893
gvel: 1.167, -0.0, -0.942
gvel: 1.189, -0.0, -0.615
gvel: 1.189, -0.0, -0.664
gvel: 1.189, -0.0, -0.713
gvel: 1.189, -0.0, -0.762
gvel: 1.189, -0.0, -0.811
gvel: 1.189, -0.0, -0.86
gvel: 1.189, -0.0, -0.909
gvel: 1.189, -0.0, -0.958
gvel: 1.189, -0.0, -1.007
gvel: 1.189, -0.0, -1.056
gvel: 1.189, -0.0, -1.105
gvel: 1.189, -0.0, -1.154
gvel: 1.255, 0.0, -0.116
gvel: 1.255, 0.0, -0.165
gvel: 1.255, 0.0, -0.214
gvel: 1.255, 0.0, -0.263
gvel: 1.255, 0.0, -0.312
gvel: 1.255, 0.0, -0.361
gvel: 1.255, 0.0, -0.41
gvel: 1.255, 0.0, -0.459
gvel: 1.255, 0.0, -0.508
gvel: 1.255, 0.0, -0.557
gvel: 1.255, 0.0, -0.606
gvel: 1.255, 0.0, -0.655
gvel: 1.255, 0.0, -0.704
gvel: 1.255, 0.0, -0.753
gvel: 1.255, 0.0, -0.802
gvel: 1.255, 0.0, -0.851
gvel: 1.255, 0.0, -0.9
gvel: 1.255, 0.0, -0.949
gvel: 1.255, 0.0, -0.998
gvel: 1.279, -0.0, -0.645
gvel: 1.279, -0.0, -0.694
gvel: 1.279, -0.0, -0.743
gvel: 1.279, -0.0, -0.792
gvel: 1.279, -0.0, -0.841
gvel: 1.279, -0.0, -0.89
gvel: 1.279, -0.0, -0.939
gvel: 1.279, -0.0, -0.988
gvel: 1.279, -0.0, -1.037
gvel: 1.279, -0.0, -1.086
gvel: 1.279, -0.0, -1.135
gvel: 0.729, 0.002, 0.36
gvel: 0.729, 0.002, 0.311
gvel: 0.729, 0.002, 0.262
gvel: 0.732, 0.002, 0.218
gvel: 0.737, 0.002, 0.181
gvel: 0.733, 0.003, 0.161
gvel: 0.729, 0.003, 0.144
gvel: 0.726, 0.013, 0.12
gvel: 0.722, -0.003, 0.11
gvel: 0.719, -0.001, 0.099
gvel: 0.719, -0.001, 0.05
gvel: 0.714, 0.0, 0.077
gvel: 0.712, 0.0, 0.061
gvel: 0.711, 0.0, 0.046
gvel: 0.709, 0.0, 0.032
gvel: 0.709, 0.0, -0.017
gvel: 0.709, 0.0, 0.012
gvel: 0.709, 0.0, -0.003
gvel: 0.71, 0.0, -0.018
gvel: 0.711, 0.0, -0.033
gvel: 0.711, 0.0, -0.082
gvel: 0.715, 0.0, -0.053
gvel: 0.717, 0.0, -0.069
gvel: 0.72, 0.0, -0.085
gvel: 0.723, 0.0, -0.1
gvel: 0.723, 0.0, -0.149
gvel: 0.731, 0.0, -0.123
gvel: 0.735, 0.0, -0.141
gvel: 0.739, 0.0, -0.159
gvel: 0.744, 0.0, -0.177
gvel: 0.744, 0.0, -0.226
gvel: 0.756, 0.0, -0.205
gvel: 0.761, 0.0, -0.226
gvel: 0.766, 0.0, -0.247
gvel: 0.766, 0.0, -0.296
gvel: 0.78, 0.0, -0.282
gvel: 0.785, 0.0, -0.306
gvel: 0.791, 0.0, -0.331
gvel: 0.791, 0.0, -0.38
gvel: 0.804, 0.0, -0.375
gvel: 0.809, 0.0, -0.402
gvel: 0.809, 0.0, -0.452
gvel: 0.821, 0.0, -0.454
gvel: 0.825, 0.0, -0.486
gvel: 0.825, 0.0, -0.535
gvel: 0.834, 0.0, -0.545
gvel: 0.836, 0.0, -0.581
gvel: 0.836, 0.0, -0.63
gvel: 0.84, 0.0, -0.649
gvel: 0.84, 0.0, -0.698
gvel: 0.245, 0.0, 0.443
gvel: 0.245, 0.0, 0.394
gvel: 0.245, 0.0, 0.345
gvel: 0.245, 0.0, 0.296
gvel: 0.245, 0.0, 0.247
gvel: 0.245, 0.0, 0.198
gvel: 0.245, 0.0, 0.149
