gvel: 0.0, 0.0, 0.0
gvel: 0.0, 0.0, -0.049
gvel: 0.043, 0.0, -0.055
gvel: 0.072, 0.0, -0.075
gvel: 0.099, 0.0, -0.097
gvel: 0.124, 0.0, -0.121
gvel: 0.149, 0.0, -0.145
gvel: 0.174, 0.0, -0.169
gvel: 0.199, 0.0, -0.194
gvel: 0.223, 0.0, -0.218
gvel: 0.248, 0.0, -0.243
gvel: 0.272, 0.0, -0.267
gvel: 0.297, 0.0, -0.292
gvel: 0.321, 0.0, -0.317
gvel: 0.345, 0.0, -0.342
gvel: 0.369, 0.0, -0.367
gvel: 0.393, 0.0, -0.392
gvel: 0.418, 0.0, -0.416
gvel: 0.442, 0.0, -0.441
gvel: 0.466, 0.0, -0.466
gvel: 0.491, 0.0, -0.49
gvel: 0.515, 0.0, -0.515
gvel: 0.54, 0.0, -0.539
gvel: 0.564, 0.0, -0.564
gvel: 0.589, 0.0, -0.588
gvel: 0.613, 0.0, -0.613
gvel: 0.638, 0.0, -0.637
gvel: 0.662, 0.0, -0.662
gvel: 0.687, 0.0, -0.687
gvel: 0.711, 0.0, -0.711
gvel: 0.736, 0.0, -0.736
gvel: 0.76, 0.0, -0.76
gvel: 0.785, 0.0, -0.785
gvel: 0.809, 0.0, -0.809
gvel: 0.834, 0.0, -0.834
gvel: 0.858, 0.0, -0.858
gvel: 0.883, 0.0, -0.883
gvel: 0.908, 0.0, -0.907
gvel: 0.932, 0.0, -0.932
gvel: 0.957, 0.0, -0.956
gvel: 0.981, 0.0, -0.981
gvel: 1.006, 0.0, -1.005
gvel: 1.015, 0.0, -1.045
gvel: 1.048, 0.0, -1.061
gvel: 1.081, 0.0, -1.077
gvel: 1.108, 0.0, -1.099
gvel: 1.116, 0.0, -1.14
gvel: 1.15, 0.0, -1.155
gvel: 1.177, 0.0, -1.177
gvel: 1.203, 0.0, -1.201
gvel: 1.228, 0.0, -1.225
gvel: 1.253, 0.0, -1.249
gvel: 1.277, 0.0, -1.273
gvel: 1.302, 0.0, -1.298
gvel: 1.326, 0.0, -1.323
gvel: 1.35, 0.0, -1.347
gvel: 1.375, 0.0, -1.372
gvel: 1.399, 0.0, -1.397
gvel: 1.424, 0.0, -1.421
gvel: 1.448, 0.0, -1.446
gvel: 1.472, 0.0, -1.471
gvel: 1.497, 0.0, -1.495
gvel: 1.521, 0.0, -1.52
gvel: 1.546, 0.0, -1.544
gvel: 1.57, 0.0, -1.569
gvel: 1.595, 0.0, -0.643
gvel: 1.608, 0.0, -0.162
gvel: 1.615, 0.0, 0.077
gvel: 1.619, 0.0, 0.185
gvel: 1.621, 0.0, 0.223
gvel: 1.623, 0.0, 0.227
gvel: 1.624, 0.0, 0.214
gvel: 1.624, 0.0, 0.194
gvel: 1.625, 0.0, 0.171
gvel: 1.626, 0.0, 0.149
gvel: 1.626, 0.0, 0.129
gvel: 1.627, 0.0, 0.111
gvel: 1.628, 0.0, 0.095
gvel: 1.628, 0.0, 0.081
