gvel: 0.0, 0.0, 0.0

gvel: 0.0, 0.0, -0.049

gvel: 0.037, -0.0, -0.052

gvel: 0.068, -0.0, -0.064

gvel: 0.095, -0.0, -0.08

gvel: 0.12, -0.0, -0.098

gvel: 0.145, -0.0, -0.118

gvel: 0.145, -0.0, -0.167

gvel: 0.181, 0.0, -0.171

gvel: 0.211, 0.0, -0.183

gvel: 0.211, 0.0, -0.232

gvel: 0.25, 0.0, -0.233

gvel: 0.25, 0.0, -0.282

gvel: 0.295, 0.0, -0.277

gvel: 0.295, 0.0, -0.326

gvel: 0.341, 0.0, -0.319

gvel: 0.375, 0.0, -0.326

gvel: 0.375, 0.0, -0.375

gvel: 0.375, 0.0, -0.424

gvel: 0.429, 0.0, -0.407

gvel: 0.429, 0.0, -0.456

gvel: 0.48, 0.0, -0.442

gvel: 0.48, 0.0, -0.491

gvel: 0.48, 0.0, -0.54

gvel: 0.543, 0.0, -0.513

gvel: 0.585, 0.0, -0.511

gvel: 0.585, 0.0, -0.56

gvel: 0.585, 0.0, -0.609

gvel: 0.585, 0.0, -0.658

gvel: 0.655, 0.0, -0.621

gvel: 0.655, 0.0, -0.67

gvel: 0.655, 0.0, -0.719

gvel: 0.727, 0.0, -0.68

gvel: 0.773, 0.0, -0.673

gvel: 0.773, 0.0, -0.722

gvel: 0.773, 0.0, -0.771

gvel: 0.773, 0.0, -0.82

gvel: 0.773, 0.0, -0.869

gvel: 0.773, 0.0, -0.918

gvel: 0.873, 0.0, -0.845

gvel: 0.932, 0.0, -0.822

gvel: 0.972, 0.0, -0.823

gvel: 0.972, 0.0, -0.872

gvel: 0.972, 0.0, -0.921

gvel: 0.972, 0.0, -0.97

gvel: 0.972, 0.0, -1.019

gvel: 0.972, 0.0, -1.068

gvel: 0.972, 0.0, -1.117

gvel: 0.972, 0.0, -1.166

gvel: 1.094, 0.0, -1.066

gvel: 1.164, 0.0, -1.029

gvel: 1.208, 0.0, -1.024

gvel: 1.208, 0.0, -1.073

gvel: 1.208, 0.0, -1.122

gvel: 1.208, 0.0, -1.171

gvel: 1.208, 0.0, -1.22

gvel: 1.208, 0.0, -1.269

gvel: 1.208, 0.0, -1.318

gvel: 1.208, 0.0, -1.367

gvel: 1.208, 0.0, -1.416

gvel: 1.344, 0.0, -1.299

gvel: 1.421, 0.0, -1.254

gvel: 1.421, 0.0, -1.304

gvel: 1.421, 0.0, -1.353

gvel: 1.421, 0.0, -1.402

gvel: 1.421, 0.0, -1.451

gvel: 1.421, 0.0, -1.5

gvel: 1.421, 0.0, -1.549

gvel: 1.326, 0.0, -0.646

gvel: 1.276, 0.0, -0.194

gvel: 1.251, 0.0, 0.0

gvel: 1.241, 0.0, 0.05

gvel: 1.239, 0.0, 0.026

gvel: 1.239, 0.0, -0.023

gvel: 1.239, 0.0, -0.072

gvel: 1.239, 0.0, -0.121

gvel: 1.239, 0.0, -0.17

gvel: 1.239, 0.0, -0.219

gvel: 1.214, 0.0, -0.023

gvel: 1.2, 0.0, 0.071

gvel: 1.192, 0.0, 0.104

gvel: 1.187, 0.0, 0.103

gvel: 1.184, 0.0, 0.084

gvel: 1.182, 0.0, 0.055

gvel: 1.18, 0.0, 0.021

gvel: 1.18, 0.0, -0.028

gvel: 1.18, 0.0, -0.077

gvel: 1.18, 0.0, -0.126

gvel: 1.171, 0.0, -0.078

gvel: 1.165, 0.0, -0.069

gvel: 1.162, 0.0, -0.083

gvel: 1.151, 0.0, -0.025

gvel: 1.138, 0.0, 0.055

gvel: 1.134, 0.0, 0.046

gvel: 1.131, 0.0, 0.025

gvel: 1.126, 0.0, 0.03

gvel: 1.122, 0.0, 0.015

gvel: 1.122, 0.0, -0.034

gvel: 1.115, 0.0, -0.014

gvel: 1.115, 0.0, -0.064

gvel: 1.101, 0.0, 0.03

gvel: 1.097, 0.0, 0.018

gvel: 1.095, 0.0, -0.005

gvel: 1.088, 0.0, 0.017

gvel: 1.083, 0.0, 0.012

gvel: 1.083, 0.0, -0.037

gvel: 1.077, 0.0, -0.025

gvel: 1.065, 0.0, 0.046

gvel: 1.063, 0.0, 0.022

gvel: 1.057, 0.0, 0.028

gvel: 1.057, 0.0, -0.021

gvel: 1.057, 0.0, -0.07

gvel: 1.043, 0.0, 0.023

gvel: 1.034, 0.0, 0.065

gvel: 1.034, 0.0, 0.016

gvel: 1.034, 0.0, -0.033

gvel: 1.034, 0.0, -0.082

gvel: 1.019, 0.0, 0.017

gvel: 1.01, 0.0, 0.062

gvel: 1.01, 0.0, 0.013

gvel: 1.01, 0.0, -0.036

gvel: 1.005, 0.0, -0.042

gvel: 0.998, 0.0, -0.017

gvel: 0.987, 0.0, 0.046

gvel: 0.983, 0.0, 0.029

gvel: 0.979, 0.0, 0.023

gvel: 0.979, 0.0, -0.026

gvel: 0.979, 0.0, -0.075

gvel: 0.965, 0.0, 0.017

gvel: 0.956, 0.0, 0.06

gvel: 0.956, 0.0, 0.011

gvel: 0.956, 0.0, -0.038

gvel: 0.95, 0.0, -0.032

gvel: 0.944, 0.0, -0.023

gvel: 0.933, 0.0, 0.041

gvel: 0.931, 0.0, 0.017

gvel: 0.925, 0.0, 0.021

gvel: 0.925, 0.0, -0.028

gvel: 0.914, 0.0, 0.034

gvel: 0.914, 0.0, -0.015

gvel: 0.914, 0.0, -0.064

gvel: 0.901, 0.0, 0.019

gvel: 0.892, 0.0, 0.057

gvel: 0.892, 0.0, 0.008

gvel: 0.892, 0.0, -0.041

gvel: 0.888, 0.0, -0.048

gvel: 0.876, 0.0, 0.027

gvel: 0.871, 0.0, 0.024

gvel: 0.868, 0.0, 0.007

gvel: 0.863, 0.0, 0.006

gvel: 0.86, 0.0, -0.011

gvel: 0.854, 0.0, -0.002

gvel: 0.85, 0.0, -0.012

gvel: 0.845, 0.0, -0.009

gvel: 0.841, 0.0, -0.024

gvel: 0.831, 0.0, 0.035

gvel: 0.826, 0.0, 0.028

gvel: 0.823, 0.0, 0.009

gvel: 0.819, 0.0, 0.005

gvel: 0.819, 0.0, -0.044

gvel: 0.815, 0.0, -0.053

gvel: 0.803, 0.0, 0.021

gvel: 0.798, 0.0, 0.019

gvel: 0.795, 0.0, 0.003

gvel: 0.79, 0.0, 0.002

gvel: 0.781, 0.0, 0.043

gvel: 0.781, 0.0, -0.006

gvel: 0.781, 0.0, -0.056

gvel: 0.769, 0.0, 0.016

gvel: 0.76, 0.0, 0.049

gvel: 0.76, 0.0, -0.0

gvel: 0.76, 0.0, -0.05

gvel: 0.749, 0.0, 0.017

gvel: 0.741, 0.0, 0.047

gvel: 0.741, 0.0, -0.002

gvel: 0.741, 0.0, -0.051

gvel: 0.729, 0.0, 0.015

gvel: 0.726, 0.0, 0.001

gvel: 0.722, 0.0, -0.006

gvel: 0.719, 0.0, -0.026

gvel: 0.713, 0.0, -0.013

gvel: 0.703, 0.0, 0.033

gvel: 0.7, 0.0, 0.014

gvel: 0.696, 0.0, 0.004

gvel: 0.693, 0.0, -0.018

gvel: 0.688, 0.0, -0.01

gvel: 0.684, 0.0, -0.021

gvel: 0.679, 0.0, -0.019

gvel: 0.669, 0.0, 0.029

gvel: 0.662, 0.0, 0.05

gvel: 0.66, 0.0, 0.02

gvel: 0.66, 0.0, -0.029

gvel: 0.655, 0.0, -0.023

gvel: 0.651, 0.0, -0.036

gvel: 0.645, 0.0, -0.028

gvel: 0.635, 0.0, 0.024

gvel: 0.628, 0.0, 0.047

gvel: 0.626, 0.0, 0.018

gvel: 0.626, 0.0, -0.031

gvel: 0.621, 0.0, -0.025

gvel: 0.611, 0.0, 0.022

gvel: 0.604, 0.0, 0.043

gvel: 0.604, 0.0, -0.006

gvel: 0.601, 0.0, -0.023

gvel: 0.596, 0.0, -0.02

gvel: 0.586, 0.0, 0.022

gvel: 0.584, 0.0, 0.0

gvel: 0.579, 0.0, -0.005

gvel: 0.576, 0.0, -0.019

gvel: 0.567, 0.0, 0.022

gvel: 0.563, 0.0, 0.008

gvel: 0.561, 0.0, -0.015

gvel: 0.556, 0.0, -0.017

gvel: 0.553, 0.0, -0.034

gvel: 0.543, 0.0, 0.016

gvel: 0.536, 0.0, 0.039

gvel: 0.533, 0.0, 0.019

gvel: 0.53, 0.0, -0.005

gvel: 0.526, 0.0, -0.012

gvel: 0.523, 0.0, -0.032

gvel: 0.514, 0.0, 0.014

gvel: 0.51, 0.0, 0.003

gvel: 0.502, 0.0, 0.029

gvel: 0.502, 0.0, -0.02

gvel: 0.494, 0.0, 0.017

gvel: 0.491, 0.0, -0.007

gvel: 0.487, 0.0, -0.013

gvel: 0.479, 0.0, 0.02

gvel: 0.476, 0.0, -0.004

gvel: 0.472, 0.0, -0.012

gvel: 0.464, 0.0, 0.019

gvel: 0.462, 0.0, -0.005

gvel: 0.457, 0.0, -0.013

gvel: 0.454, 0.0, -0.028

gvel: 0.445, 0.0, 0.012

gvel: 0.442, 0.0, -0.002

gvel: 0.434, 0.0, 0.023

gvel: 0.432, 0.0, -0.001

gvel: 0.428, 0.0, -0.012

gvel: 0.42, 0.0, 0.017

gvel: 0.418, 0.0, -0.007

gvel: 0.41, 0.0, 0.019

gvel: 0.407, 0.0, 0.0

gvel: 0.404, 0.0, -0.018

gvel: 0.4, 0.0, -0.026

gvel: 0.391, 0.0, 0.01

gvel: 0.389, 0.0, -0.012

gvel: 0.381, 0.0, 0.016

gvel: 0.375, 0.0, 0.028

gvel: 0.372, 0.0, 0.005

gvel: 0.372, 0.0, -0.044

gvel: 0.368, 0.0, -0.053

gvel: 0.358, 0.0, -0.001

gvel: 0.351, 0.0, 0.023

gvel: 0.345, 0.0, 0.033

gvel: 0.34, 0.0, 0.035

gvel: 0.338, 0.0, 0.008

gvel: 0.338, 0.0, -0.041

gvel: 0.334, 0.0, -0.051

gvel: 0.324, 0.0, -0.003

gvel: 0.317, 0.0, 0.02

gvel: 0.311, 0.0, 0.029

gvel: 0.306, 0.0, 0.032

gvel: 0.303, 0.0, 0.005

gvel: 0.301, 0.0, -0.016

gvel: 0.293, 0.0, 0.008

gvel: 0.29, 0.0, -0.012

gvel: 0.287, 0.0, -0.029

gvel: 0.279, 0.0, 0.003

gvel: 0.273, 0.0, 0.018

gvel: 0.267, 0.0, 0.024

gvel: 0.265, 0.0, -0.002

gvel: 0.262, 0.0, -0.022

gvel: 0.254, 0.0, 0.004

gvel: 0.248, 0.0, 0.016

gvel: 0.246, 0.0, -0.008

gvel: 0.243, 0.0, -0.027

gvel: 0.235, 0.0, 0.002

gvel: 0.229, 0.0, 0.015

gvel: 0.223, 0.0, 0.02

gvel: 0.221, 0.0, -0.006

gvel: 0.218, 0.0, -0.026

gvel: 0.211, 0.0, 0.0

gvel: 0.204, 0.0, 0.013

gvel: 0.199, 0.0, 0.017

gvel: 0.197, 0.0, -0.008

gvel: 0.194, 0.0, -0.028

gvel: 0.186, 0.0, -0.002

gvel: 0.18, 0.0, 0.011

gvel: 0.175, 0.0, 0.016

gvel: 0.172, 0.0, -0.01

gvel: 0.166, 0.0, 0.005

gvel: 0.164, 0.0, -0.021

gvel: 0.157, 0.0, 0.0

gvel: 0.151, 0.0, 0.01

gvel: 0.145, 0.0, 0.014

gvel: 0.143, 0.0, -0.012

gvel: 0.137, 0.0, 0.003

gvel: 0.134, 0.0, -0.023

gvel: 0.127, 0.0, -0.002

gvel: 0.121, 0.0, 0.008

gvel: 0.116, 0.0, 0.012

gvel: 0.111, 0.0, 0.013

gvel: 0.109, 0.0, -0.014

gvel: 0.103, 0.0, 0.0

gvel: 0.1, 0.0, -0.025

gvel: 0.093, 0.0, -0.004

gvel: 0.087, 0.0, 0.006

gvel: 0.082, 0.0, 0.01

gvel: 0.077, 0.0, 0.011

gvel: 0.072, 0.0, 0.011

gvel: 0.067, 0.0, 0.01

gvel: 0.065, 0.0, -0.018

gvel: 0.059, 0.0, -0.004

gvel: 0.059, -0.0, -0.028

gvel: 0.052, -0.0, -0.007

gvel: 0.046, -0.0, 0.003

gvel: 0.04, -0.0, 0.007

gvel: 0.035, -0.0, 0.009

gvel: 0.03, -0.0, 0.008

gvel: 0.025, -0.0, 0.008

gvel: 0.021, -0.0, 0.006

gvel: 0.016, -0.0, 0.005

gvel: 0.011, -0.0, 0.004

gvel: 0.006, -0.0, 0.003

gvel: 0.003, -0.0, 0.002

gvel: 0.001, -0.0, 0.002

gvel: 0.0, -0.0, 0.001

gvel: -0.0, -0.0, 0.001

gvel: -0.0, -0.0, 0.001

gvel: -0.0, -0.0, 0.001

gvel: -0.0, -0.0, 0.001

gvel: -0.0, -0.0, 0.001

gvel: -0.0, 0.0, 0.0
