gvel: 0.0, 0.0, 0.0
gvel: 0.023, 0.0, -0.02
gvel: 0.023, 0.0, -0.069
gvel: 0.06, 0.0, -0.073
gvel: 0.091, 0.0, -0.086
gvel: 0.117, 0.0, -0.102
gvel: 0.142, 0.0, -0.121
gvel: 0.165, 0.0, -0.142
gvel: 0.165, 0.0, -0.191
gvel: 0.201, 0.0, -0.196
gvel: 0.23, 0.0, -0.209
gvel: 0.23, 0.0, -0.258
gvel: 0.269, 0.0, -0.26
gvel: 0.299, 0.0, -0.272
gvel: 0.299, 0.0, -0.321
gvel: 0.338, 0.0, -0.322
gvel: 0.338, 0.0, -0.371
gvel: 0.382, 0.0, -0.367
gvel: 0.414, 0.0, -0.376
gvel: 0.414, 0.0, -0.425
gvel: 0.414, 0.0, -0.474
gvel: 0.468, 0.0, -0.458
gvel: 0.505, 0.0, -0.462
gvel: 0.505, 0.0, -0.511
gvel: 0.505, 0.0, -0.56
gvel: 0.56, 0.0, -0.541
gvel: 0.598, 0.0, -0.544
gvel: 0.598, 0.0, -0.593
gvel: 0.598, 0.0, -0.642
gvel: 0.653, 0.0, -0.624
gvel: 0.653, 0.0, -0.673
gvel: 0.703, 0.0, -0.661
gvel: 0.703, 0.0, -0.71
gvel: 0.703, 0.0, -0.759
gvel: 0.765, 0.0, -0.733
gvel: 0.765, 0.0, -0.782
gvel: 0.818, 0.0, -0.766
gvel: 0.818, 0.0, -0.815
gvel: 0.818, 0.0, -0.864
gvel: 0.88, 0.0, -0.837
gvel: 0.88, 0.0, -0.886
gvel: 0.88, 0.0, -0.935
gvel: 0.947, 0.0, -0.903
gvel: 0.947, 0.0, -0.952
gvel: 0.947, 0.0, -1.001
gvel: 1.016, 0.0, -0.965
gvel: 1.016, 0.0, -1.014
gvel: 1.016, 0.0, -1.063
gvel: 1.086, 0.0, -1.027
gvel: 1.086, 0.0, -1.076
gvel: 1.086, 0.0, -1.125
gvel: 1.155, 0.0, -1.09
gvel: 1.155, 0.0, -1.139
gvel: 1.155, 0.0, -1.188
gvel: 1.155, 0.0, -1.237
gvel: 1.238, 0.0, -1.184
gvel: 1.238, 0.0, -1.234
gvel: 1.238, 0.0, -1.283
gvel: 1.314, 0.0, -1.239
gvel: 1.314, 0.0, -1.288
gvel: 1.314, 0.0, -1.337
gvel: 1.314, 0.0, -1.386
gvel: 1.399, 0.0, -1.331
gvel: 1.399, 0.0, -1.38
gvel: 1.399, 0.0, -1.429
gvel: 1.399, 0.0, -1.478
gvel: 1.49, 0.0, -1.417
gvel: 1.49, 0.0, -1.466
gvel: 1.49, 0.0, -1.515
gvel: 1.402, 0.0, -0.687
gvel: 1.353, 0.0, -0.248
gvel: 1.326, 0.0, -0.023
gvel: 1.31, 0.0, 0.085
gvel: 1.301, 0.0, 0.129
gvel: 1.295, 0.0, 0.14
gvel: 1.29, 0.0, 0.135
gvel: 1.287, 0.0, 0.123
gvel: 1.283, 0.0, 0.107
gvel: 1.28, 0.0, 0.092
gvel: 1.276, 0.0, 0.077
gvel: 1.273, 0.0, 0.064
gvel: 1.269, 0.0, 0.053
gvel: 1.265, 0.0, 0.043
gvel: 1.261, 0.0, 0.034
gvel: 1.257, 0.0, 0.027
gvel: 1.253, 0.0, 0.021
gvel: 1.248, 0.0, 0.015
gvel: 1.244, 0.0, 0.011
gvel: 1.244, 0.0, -0.038
gvel: 1.239, 0.0, -0.014
gvel: 1.236, 0.0, -0.001
gvel: 1.234, 0.0, 0.005
gvel: 1.233, 0.0, 0.007
gvel: 1.233, 0.0, 0.008
gvel: 1.233, 0.0, 0.008
gvel: 1.233, 0.0, 0.007
gvel: 1.233, 0.0, 0.007
gvel: 1.233, 0.0, 0.006
gvel: 1.233, 0.0, -0.043
gvel: 1.232, 0.0, -0.015
gvel: 1.231, 0.0, -0.001
gvel: 1.231, 0.0, 0.006
gvel: 1.231, 0.0, 0.008
gvel: 1.231, 0.0, 0.009
gvel: 1.231, 0.0, 0.009
gvel: 1.231, 0.0, 0.008
gvel: 1.231, 0.0, 0.008
gvel: 1.231, 0.0, 0.007
gvel: 1.231, 0.0, 0.006
gvel: 1.231, 0.0, -0.043
gvel: 1.23, 0.0, -0.015
gvel: 1.229, 0.0, -0.001
gvel: 1.229, 0.0, 0.005
gvel: 1.229, 0.0, 0.008
gvel: 1.229, 0.0, 0.009
gvel: 1.229, 0.0, 0.009
gvel: 1.229, 0.0, 0.008
gvel: 1.229, 0.0, 0.007
gvel: 1.229, 0.0, 0.007
gvel: 1.229, 0.0, 0.006
gvel: 1.229, 0.0, -0.043
gvel: 1.228, 0.0, -0.016
gvel: 1.228, 0.0, -0.001
gvel: 1.228, 0.0, 0.005
gvel: 1.228, 0.0, 0.008
gvel: 1.228, 0.0, 0.009
gvel: 1.228, 0.0, 0.009
gvel: 1.228, 0.0, 0.008
gvel: 1.228, 0.0, 0.007
gvel: 1.228, 0.0, 0.007
gvel: 1.228, 0.0, 0.006
gvel: 1.228, 0.0, -0.043
gvel: 1.227, 0.0, -0.016
gvel: 1.226, 0.0, -0.001
gvel: 1.226, 0.0, 0.005
gvel: 1.226, 0.0, 0.008
gvel: 1.226, 0.0, 0.009
gvel: 1.226, 0.0, 0.009
gvel: 1.226, 0.0, 0.008
gvel: 1.226, 0.0, 0.007
gvel: 1.226, 0.0, 0.007
gvel: 1.226, 0.0, 0.006
gvel: 1.226, 0.0, -0.043
gvel: 1.225, 0.0, -0.016
gvel: 1.225, 0.0, -0.001
gvel: 1.225, 0.0, 0.005
gvel: 1.224, 0.0, 0.008
gvel: 1.224, 0.0, 0.009
gvel: 1.224, 0.0, 0.009
gvel: 1.224, 0.0, 0.008
gvel: 1.224, 0.0, 0.007
gvel: 1.224, 0.0, 0.007
gvel: 1.224, 0.0, 0.006
gvel: 1.224, 0.0, -0.043
gvel: 1.224, 0.0, -0.016
gvel: 1.223, 0.0, -0.001
gvel: 1.223, 0.0, 0.005
gvel: 1.223, 0.0, 0.008
gvel: 1.223, 0.0, 0.009
gvel: 1.223, 0.0, 0.009
gvel: 1.223, 0.0, 0.008
gvel: 1.223, 0.0, 0.007
gvel: 1.223, 0.0, 0.007
gvel: 1.223, 0.0, 0.006
gvel: 1.223, 0.0, -0.043
gvel: 1.222, 0.0, -0.016
gvel: 1.222, 0.0, -0.001
gvel: 1.222, 0.0, 0.005
gvel: 1.221, 0.0, 0.008
gvel: 1.221, 0.0, 0.009
gvel: 1.221, 0.0, 0.009
gvel: 1.221, 0.0, 0.008
gvel: 1.221, 0.0, 0.007
gvel: 1.221, 0.0, 0.007
gvel: 1.221, 0.0, 0.006
gvel: 1.221, 0.0, -0.043
gvel: 1.221, 0.0, -0.016
gvel: 1.22, 0.0, -0.001
gvel: 1.22, 0.0, 0.005
gvel: 1.22, 0.0, 0.008
gvel: 1.22, 0.0, 0.009
gvel: 1.22, 0.0, 0.009
gvel: 1.22, 0.0, 0.008
gvel: 1.22, 0.0, 0.007
gvel: 1.22, 0.0, 0.007
gvel: 1.22, 0.0, 0.006
gvel: 1.22, 0.0, -0.043
gvel: 1.219, 0.0, -0.016
gvel: 1.219, 0.0, -0.001
gvel: 1.219, 0.0, 0.005
gvel: 1.218, 0.0, 0.008
gvel: 1.218, 0.0, 0.009
gvel: 1.218, 0.0, 0.009
gvel: 1.218, 0.0, 0.008
gvel: 1.218, 0.0, 0.007
gvel: 1.218, 0.0, 0.007
gvel: 1.218, 0.0, 0.006
gvel: 1.218, 0.0, -0.043
gvel: 1.218, 0.0, -0.016
gvel: 1.217, 0.0, -0.001
gvel: 1.217, 0.0, 0.005
gvel: 1.217, 0.0, 0.008
gvel: 1.217, 0.0, 0.009
gvel: 1.217, 0.0, 0.009
gvel: 1.217, 0.0, 0.008
gvel: 1.217, 0.0, 0.007
gvel: 1.217, 0.0, 0.007
gvel: 1.217, 0.0, 0.006
gvel: 1.217, 0.0, -0.043
gvel: 1.216, 0.0, -0.016
gvel: 1.216, 0.0, -0.001
gvel: 1.215, 0.0, 0.005
gvel: 1.215, 0.0, 0.008
gvel: 1.215, 0.0, 0.009
gvel: 1.215, 0.0, 0.009
gvel: 1.215, 0.0, 0.008
gvel: 1.215, 0.0, 0.007
gvel: 1.215, 0.0, 0.007
gvel: 1.215, 0.0, 0.006
gvel: 1.215, 0.0, -0.043
gvel: 1.215, 0.0, -0.016
gvel: 1.214, 0.0, -0.001
gvel: 1.214, 0.0, 0.005
gvel: 1.214, 0.0, 0.008
gvel: 1.214, 0.0, 0.009
gvel: 1.214, 0.0, 0.009
gvel: 1.214, 0.0, 0.008
gvel: 1.214, 0.0, 0.007
gvel: 1.214, 0.0, 0.007
gvel: 1.214, 0.0, 0.006
gvel: 1.214, 0.0, -0.043
gvel: 1.213, 0.0, -0.016
gvel: 1.213, 0.0, -0.001
gvel: 1.212, 0.0, 0.005
gvel: 1.212, 0.0, 0.008
gvel: 1.212, 0.0, 0.009
gvel: 1.212, 0.0, 0.009
gvel: 1.212, 0.0, 0.008
gvel: 1.212, 0.0, 0.007
gvel: 1.212, 0.0, 0.007
gvel: 1.212, 0.0, 0.006
gvel: 1.212, 0.0, -0.043
gvel: 1.212, 0.0, -0.016
gvel: 1.211, 0.0, -0.001
gvel: 1.211, 0.0, 0.005
gvel: 1.211, 0.0, 0.008
gvel: 1.211, 0.0, 0.009
gvel: 1.211, 0.0, 0.009
gvel: 1.211, 0.0, 0.008
gvel: 1.211, 0.0, 0.007
gvel: 1.211, 0.0, 0.007
gvel: 1.211, 0.0, 0.006
gvel: 1.211, 0.0, -0.043
gvel: 1.21, 0.0, -0.016
gvel: 1.21, 0.0, -0.001
gvel: 1.209, 0.0, 0.005
gvel: 1.209, 0.0, 0.008
gvel: 1.209, 0.0, 0.009
gvel: 1.209, 0.0, 0.009
gvel: 1.209, 0.0, 0.008
gvel: 1.209, 0.0, 0.007
gvel: 1.209, 0.0, 0.007
gvel: 1.209, 0.0, 0.006
gvel: 1.209, 0.0, -0.043
gvel: 1.209, 0.0, -0.016
gvel: 1.208, 0.0, -0.001
gvel: 1.208, 0.0, 0.005
gvel: 1.208, 0.0, 0.008
gvel: 1.208, 0.0, 0.009
gvel: 1.208, 0.0, 0.009
gvel: 1.208, 0.0, 0.008
gvel: 1.208, 0.0, 0.007
gvel: 1.208, 0.0, 0.007
gvel: 1.208, 0.0, 0.006
gvel: 1.208, 0.0, -0.043
gvel: 1.207, 0.0, -0.016
gvel: 1.207, 0.0, -0.001
gvel: 1.206, 0.0, 0.005
gvel: 1.206, 0.0, 0.008
gvel: 1.206, 0.0, 0.009
gvel: 1.206, 0.0, 0.009
gvel: 1.206, 0.0, 0.008
gvel: 1.206, 0.0, 0.007
gvel: 1.206, 0.0, 0.007
gvel: 1.206, 0.0, 0.006
gvel: 1.206, 0.0, -0.043
gvel: 1.206, 0.0, -0.016
gvel: 1.205, 0.0, -0.001
gvel: 1.205, 0.0, 0.005
gvel: 1.205, 0.0, 0.008
gvel: 1.205, 0.0, 0.009
gvel: 1.205, 0.0, 0.009
gvel: 1.205, 0.0, 0.008
gvel: 1.205, 0.0, 0.007
gvel: 1.205, 0.0, 0.007
gvel: 1.205, 0.0, 0.006
gvel: 1.205, 0.0, -0.043
gvel: 1.204, 0.0, -0.016
gvel: 1.204, 0.0, -0.001
gvel: 1.203, 0.0, 0.005
gvel: 1.203, 0.0, 0.008
gvel: 1.203, 0.0, 0.009
gvel: 1.203, 0.0, 0.009
gvel: 1.203, 0.0, 0.008
gvel: 1.203, 0.0, 0.007
gvel: 1.203, 0.0, 0.007
gvel: 1.203, 0.0, 0.006
gvel: 1.203, 0.0, -0.043
gvel: 1.203, 0.0, -0.016
gvel: 1.202, 0.0, -0.001
gvel: 1.202, 0.0, 0.005
gvel: 1.202, 0.0, 0.008
gvel: 1.202, 0.0, 0.009
gvel: 1.202, 0.0, 0.009
gvel: 1.202, 0.0, 0.008
gvel: 1.202, 0.0, 0.007
gvel: 1.202, 0.0, 0.007
gvel: 1.202, 0.0, 0.006
gvel: 1.202, 0.0, -0.043
gvel: 1.201, 0.0, -0.016
gvel: 1.201, 0.0, -0.001
gvel: 1.2, 0.0, 0.005
gvel: 1.2, 0.0, 0.008
gvel: 1.2, 0.0, 0.009
gvel: 1.2, 0.0, 0.009
gvel: 1.2, 0.0, 0.008
gvel: 1.2, 0.0, 0.007
gvel: 1.2, 0.0, 0.007
gvel: 1.2, 0.0, 0.006
gvel: 1.2, 0.0, -0.043
gvel: 1.2, 0.0, -0.016
gvel: 1.199, 0.0, -0.001
gvel: 1.199, 0.0, 0.005
gvel: 1.199, 0.0, 0.008
gvel: 1.199, 0.0, 0.009
gvel: 1.199, 0.0, 0.009
gvel: 1.199, 0.0, 0.008
gvel: 1.199, 0.0, 0.007
gvel: 1.199, 0.0, 0.007
gvel: 1.199, 0.0, 0.006
gvel: 1.199, 0.0, -0.043
gvel: 1.198, 0.0, -0.016
gvel: 1.198, 0.0, -0.001
gvel: 1.197, 0.0, 0.005
gvel: 1.197, 0.0, 0.008
gvel: 1.197, 0.0, 0.009
gvel: 1.197, 0.0, 0.009
gvel: 1.197, 0.0, 0.008
gvel: 1.197, 0.0, 0.007
gvel: 1.197, 0.0, 0.007
gvel: 1.197, 0.0, 0.006
gvel: 1.197, 0.0, -0.043
gvel: 1.197, 0.0, -0.016
gvel: 1.196, 0.0, -0.001
gvel: 1.196, 0.0, 0.005
gvel: 1.196, 0.0, 0.008
gvel: 1.196, 0.0, 0.009
gvel: 1.196, 0.0, 0.009
gvel: 1.196, 0.0, 0.008
gvel: 1.196, 0.0, 0.007
gvel: 1.196, 0.0, 0.007
gvel: 1.196, 0.0, 0.006
gvel: 1.196, 0.0, -0.043
gvel: 1.195, 0.0, -0.016
gvel: 1.195, 0.0, -0.001
gvel: 1.194, 0.0, 0.005
gvel: 1.194, 0.0, 0.008
gvel: 1.194, 0.0, 0.009
gvel: 1.194, 0.0, 0.009
gvel: 1.194, 0.0, 0.008
gvel: 1.194, 0.0, 0.007
gvel: 1.194, 0.0, 0.007
gvel: 1.194, 0.0, 0.006
gvel: 1.194, 0.0, -0.043
gvel: 1.194, 0.0, -0.016
gvel: 1.193, 0.0, -0.001
gvel: 1.193, 0.0, 0.005
gvel: 1.193, 0.0, 0.008
gvel: 1.193, 0.0, 0.009
gvel: 1.193, 0.0, 0.009
gvel: 1.193, 0.0, 0.008
gvel: 1.193, 0.0, 0.007
gvel: 1.193, 0.0, 0.007
gvel: 1.193, 0.0, 0.006
gvel: 1.193, 0.0, -0.043
gvel: 1.192, 0.0, -0.016
gvel: 1.191, 0.0, -0.001
gvel: 1.191, 0.0, 0.005
gvel: 1.191, 0.0, 0.008
gvel: 1.191, 0.0, 0.009
gvel: 1.191, 0.0, 0.009
gvel: 1.191, 0.0, 0.008
gvel: 1.191, 0.0, 0.007
gvel: 1.191, 0.0, 0.007
gvel: 1.191, 0.0, 0.006
gvel: 1.191, 0.0, -0.043
gvel: 1.19, 0.0, -0.016
gvel: 1.19, 0.0, -0.001
gvel: 1.19, 0.0, 0.005
gvel: 1.19, 0.0, 0.008
gvel: 1.19, 0.0, 0.009
gvel: 1.19, 0.0, 0.009
gvel: 1.19, 0.0, 0.008
gvel: 1.19, 0.0, 0.007
gvel: 1.19, 0.0, 0.007
gvel: 1.19, 0.0, 0.006
gvel: 1.19, 0.0, -0.043
gvel: 1.189, 0.0, -0.016
gvel: 1.188, 0.0, -0.001
gvel: 1.188, 0.0, 0.005
gvel: 1.188, 0.0, 0.008
gvel: 1.188, 0.0, 0.009
gvel: 1.188, 0.0, 0.009
gvel: 1.188, 0.0, 0.008
gvel: 1.188, 0.0, 0.007
gvel: 1.188, 0.0, 0.007
gvel: 1.188, 0.0, 0.006
gvel: 1.188, 0.0, -0.043
gvel: 1.187, 0.0, -0.016
gvel: 1.187, 0.0, -0.001
gvel: 1.187, 0.0, 0.005
gvel: 1.186, 0.0, 0.008
gvel: 1.186, 0.0, 0.009
gvel: 1.186, 0.0, 0.009
gvel: 1.186, 0.0, 0.008
gvel: 1.186, 0.0, 0.007
gvel: 1.186, 0.0, 0.007
gvel: 1.186, 0.0, 0.006
gvel: 1.186, 0.0, -0.043
gvel: 1.186, 0.0, -0.016
gvel: 1.185, 0.0, -0.001
gvel: 1.185, 0.0, 0.005
gvel: 1.185, 0.0, 0.008
gvel: 1.185, 0.0, 0.009
gvel: 1.185, 0.0, 0.009
gvel: 1.185, 0.0, 0.008
gvel: 1.185, 0.0, 0.007
gvel: 1.185, 0.0, 0.007
gvel: 1.185, 0.0, 0.006
gvel: 1.185, 0.0, -0.043
gvel: 1.184, 0.0, -0.016
gvel: 1.184, 0.0, -0.001
gvel: 1.184, 0.0, 0.005
gvel: 1.183, 0.0, 0.008
gvel: 1.183, 0.0, 0.009
gvel: 1.183, 0.0, 0.009
gvel: 1.183, 0.0, 0.008
gvel: 1.183, 0.0, 0.007
gvel: 1.183, 0.0, 0.007
gvel: 1.183, 0.0, 0.006
gvel: 1.183, 0.0, 0.005
gvel: 1.183, 0.0, -0.044
gvel: 1.183, 0.0, -0.016
gvel: 1.182, 0.0, -0.002
gvel: 1.182, 0.0, 0.005
gvel: 1.182, 0.0, 0.008
gvel: 1.182, 0.0, 0.009
gvel: 1.182, 0.0, 0.009
gvel: 1.182, 0.0, 0.008
gvel: 1.182, 0.0, 0.007
gvel: 1.182, 0.0, 0.006
gvel: 1.182, 0.0, 0.006
gvel: 1.182, 0.0, -0.043
gvel: 1.181, 0.0, -0.016
gvel: 1.181, 0.0, -0.001
gvel: 1.18, 0.0, 0.005
gvel: 1.18, 0.0, 0.008
gvel: 1.18, 0.0, 0.009
gvel: 1.18, 0.0, 0.009
gvel: 1.18, 0.0, 0.008
gvel: 1.18, 0.0, 0.007
gvel: 1.18, 0.0, 0.007
gvel: 1.18, 0.0, 0.006
gvel: 1.18, 0.0, -0.043
gvel: 1.18, 0.0, -0.016
gvel: 1.179, 0.0, -0.001
gvel: 1.179, 0.0, 0.005
gvel: 1.179, 0.0, 0.008
gvel: 1.179, 0.0, 0.009
gvel: 1.179, 0.0, 0.009
gvel: 1.179, 0.0, 0.008
gvel: 1.179, 0.0, 0.007
gvel: 1.179, 0.0, 0.007
gvel: 1.179, 0.0, 0.006
gvel: 1.179, 0.0, 0.005
gvel: 1.179, 0.0, -0.044
gvel: 1.178, 0.0, -0.016
gvel: 1.178, 0.0, -0.002
gvel: 1.177, 0.0, 0.005
gvel: 1.177, 0.0, 0.008
gvel: 1.177, 0.0, 0.009
gvel: 1.177, 0.0, 0.009
gvel: 1.177, 0.0, 0.008
gvel: 1.177, 0.0, 0.007
gvel: 1.177, 0.0, 0.006
gvel: 1.177, 0.0, 0.006
gvel: 1.177, 0.0, -0.043
gvel: 1.177, 0.0, -0.016
gvel: 1.176, 0.0, -0.001
gvel: 1.176, 0.0, 0.005
gvel: 1.176, 0.0, 0.008
gvel: 1.176, 0.0, 0.009
gvel: 1.176, 0.0, 0.009
gvel: 1.176, 0.0, 0.008
gvel: 1.176, 0.0, 0.007
gvel: 1.176, 0.0, 0.007
gvel: 1.176, 0.0, 0.006
gvel: 1.176, 0.0, 0.005
gvel: 1.176, 0.0, -0.044
gvel: 1.175, 0.0, -0.016
gvel: 1.174, 0.0, -0.002
gvel: 1.174, 0.0, 0.005
gvel: 1.174, 0.0, 0.008
gvel: 1.174, 0.0, 0.009
gvel: 1.174, 0.0, 0.009
gvel: 1.174, 0.0, 0.008
gvel: 1.174, 0.0, 0.007
gvel: 1.174, 0.0, 0.006
gvel: 1.174, 0.0, 0.006
gvel: 1.174, 0.0, -0.043
gvel: 1.173, 0.0, -0.016
gvel: 1.173, 0.0, -0.001
gvel: 1.173, 0.0, 0.005
gvel: 1.172, 0.0, 0.008
gvel: 1.172, 0.0, 0.009
gvel: 1.172, 0.0, 0.009
gvel: 1.172, 0.0, 0.008
gvel: 1.172, 0.0, 0.007
gvel: 1.172, 0.0, 0.007
gvel: 1.172, 0.0, 0.006
gvel: 1.172, 0.0, 0.005
gvel: 1.172, 0.0, -0.044
gvel: 1.172, 0.0, -0.016
gvel: 1.171, 0.0, -0.002
gvel: 1.171, 0.0, 0.005
gvel: 1.171, 0.0, 0.008
gvel: 1.171, 0.0, 0.009
gvel: 1.171, 0.0, 0.009
gvel: 1.171, 0.0, 0.008
gvel: 1.171, 0.0, 0.007
gvel: 1.171, 0.0, 0.006
gvel: 1.171, 0.0, 0.006
gvel: 1.171, 0.0, -0.043
gvel: 1.17, 0.0, -0.016
gvel: 1.17, 0.0, -0.001
gvel: 1.169, 0.0, 0.005
gvel: 1.169, 0.0, 0.008
gvel: 1.169, 0.0, 0.009
gvel: 1.169, 0.0, 0.009
gvel: 1.169, 0.0, 0.008
gvel: 1.169, 0.0, 0.007
gvel: 1.169, 0.0, 0.007
gvel: 1.169, 0.0, 0.006
gvel: 1.169, 0.0, 0.005
gvel: 1.169, 0.0, -0.044
gvel: 1.169, 0.0, -0.016
gvel: 1.168, 0.0, -0.002
gvel: 1.168, 0.0, 0.005
gvel: 1.168, 0.0, 0.008
gvel: 1.168, 0.0, 0.009
gvel: 1.168, 0.0, 0.009
gvel: 1.168, 0.0, 0.008
gvel: 1.168, 0.0, 0.007
gvel: 1.168, 0.0, 0.006
gvel: 1.168, 0.0, 0.006
gvel: 1.168, 0.0, -0.043
gvel: 1.167, 0.0, -0.016
gvel: 1.167, 0.0, -0.001
gvel: 1.166, 0.0, 0.005
gvel: 1.166, 0.0, 0.008
gvel: 1.166, 0.0, 0.009
gvel: 1.166, 0.0, 0.009
gvel: 1.166, 0.0, 0.008
gvel: 1.166, 0.0, 0.007
gvel: 1.166, 0.0, 0.007
gvel: 1.166, 0.0, 0.006
gvel: 1.166, 0.0, 0.005
gvel: 1.166, 0.0, -0.044
gvel: 1.165, 0.0, -0.016
gvel: 1.165, 0.0, -0.002
gvel: 1.165, 0.0, 0.005
gvel: 1.164, 0.0, 0.008
gvel: 1.164, 0.0, 0.009
gvel: 1.164, 0.0, 0.009
gvel: 1.164, 0.0, 0.008
gvel: 1.164, 0.0, 0.007
gvel: 1.164, 0.0, 0.006
gvel: 1.164, 0.0, 0.006
gvel: 1.164, 0.0, -0.043
gvel: 1.164, 0.0, -0.016
gvel: 1.163, 0.0, -0.001
gvel: 1.163, 0.0, 0.005
gvel: 1.163, 0.0, 0.008
gvel: 1.163, 0.0, 0.009
gvel: 1.163, 0.0, 0.009
gvel: 1.163, 0.0, 0.008
gvel: 1.163, 0.0, 0.007
gvel: 1.163, 0.0, 0.007
gvel: 1.163, 0.0, 0.006
gvel: 1.163, 0.0, 0.005
gvel: 1.163, 0.0, -0.044
gvel: 1.162, 0.0, -0.016
gvel: 1.162, 0.0, -0.002
gvel: 1.161, 0.0, 0.005
gvel: 1.161, 0.0, 0.008
gvel: 1.161, 0.0, 0.009
gvel: 1.161, 0.0, 0.009
gvel: 1.161, 0.0, 0.008
gvel: 1.161, 0.0, 0.007
gvel: 1.161, 0.0, 0.006
gvel: 1.161, 0.0, 0.006
gvel: 1.161, 0.0, -0.043
gvel: 1.161, 0.0, -0.016
gvel: 1.16, 0.0, -0.001
gvel: 1.16, 0.0, 0.005
gvel: 1.16, 0.0, 0.008
gvel: 1.16, 0.0, 0.009
gvel: 1.16, 0.0, 0.009
gvel: 1.16, 0.0, 0.008
gvel: 1.16, 0.0, 0.007
gvel: 1.16, 0.0, 0.007
gvel: 1.16, 0.0, 0.006
gvel: 1.16, 0.0, 0.005
gvel: 1.16, 0.0, -0.044
gvel: 1.159, 0.0, -0.016
gvel: 1.159, 0.0, -0.002
gvel: 1.158, 0.0, 0.005
gvel: 1.158, 0.0, 0.008
gvel: 1.158, 0.0, 0.009
gvel: 1.158, 0.0, 0.009
gvel: 1.158, 0.0, 0.008
gvel: 1.158, 0.0, 0.007
gvel: 1.158, 0.0, 0.006
gvel: 1.158, 0.0, 0.006
gvel: 1.158, 0.0, -0.043
gvel: 1.158, 0.0, -0.016
gvel: 1.157, 0.0, -0.001
gvel: 1.157, 0.0, 0.005
gvel: 1.157, 0.0, 0.008
gvel: 1.157, 0.0, 0.009
gvel: 1.157, 0.0, 0.009
gvel: 1.157, 0.0, 0.008
gvel: 1.157, 0.0, 0.007
gvel: 1.157, 0.0, 0.007
gvel: 1.157, 0.0, 0.006
gvel: 1.157, 0.0, 0.005
gvel: 1.157, 0.0, -0.044
gvel: 1.156, 0.0, -0.016
gvel: 1.155, 0.0, -0.002
gvel: 1.155, 0.0, 0.005
gvel: 1.155, 0.0, 0.008
gvel: 1.155, 0.0, 0.009
gvel: 1.155, 0.0, 0.009
gvel: 1.155, 0.0, 0.008
gvel: 1.155, 0.0, 0.007
gvel: 1.155, 0.0, 0.006
gvel: 1.155, 0.0, 0.006
gvel: 1.155, 0.0, 0.005
gvel: 1.155, 0.0, -0.044
gvel: 1.154, 0.0, -0.016
gvel: 1.154, 0.0, -0.002
gvel: 1.153, 0.0, 0.005
gvel: 1.153, 0.0, 0.008
gvel: 1.153, 0.0, 0.009
gvel: 1.153, 0.0, 0.009
gvel: 1.153, 0.0, 0.008
gvel: 1.153, 0.0, 0.007
gvel: 1.153, 0.0, 0.006
gvel: 1.153, 0.0, 0.006
gvel: 1.153, 0.0, -0.043
gvel: 1.153, 0.0, -0.016
gvel: 1.152, 0.0, -0.001
gvel: 1.152, 0.0, 0.005
gvel: 1.152, 0.0, 0.008
gvel: 1.152, 0.0, 0.009
gvel: 1.152, 0.0, 0.009
gvel: 1.152, 0.0, 0.008
gvel: 1.152, 0.0, 0.007
gvel: 1.152, 0.0, 0.007
gvel: 1.152, 0.0, 0.006
gvel: 1.152, 0.0, 0.005
gvel: 1.152, 0.0, -0.044
gvel: 1.151, 0.0, -0.016
gvel: 1.151, 0.0, -0.002
gvel: 1.15, 0.0, 0.005
gvel: 1.15, 0.0, 0.008
gvel: 1.15, 0.0, 0.009
gvel: 1.15, 0.0, 0.009
gvel: 1.15, 0.0, 0.008
gvel: 1.15, 0.0, 0.007
gvel: 1.15, 0.0, 0.006
gvel: 1.15, 0.0, 0.006
gvel: 1.15, 0.0, 0.005
gvel: 1.15, 0.0, -0.044
gvel: 1.149, 0.0, -0.016
gvel: 1.149, 0.0, -0.002
gvel: 1.149, 0.0, 0.005
gvel: 1.148, 0.0, 0.008
gvel: 1.148, 0.0, 0.009
gvel: 1.148, 0.0, 0.009
gvel: 1.148, 0.0, 0.008
gvel: 1.148, 0.0, 0.007
gvel: 1.148, 0.0, 0.006
gvel: 1.148, 0.0, 0.006
gvel: 1.148, 0.0, 0.005
gvel: 1.148, 0.0, -0.044
gvel: 1.148, 0.0, -0.016
gvel: 1.147, 0.0, -0.002
gvel: 1.147, 0.0, 0.005
gvel: 1.147, 0.0, 0.008
gvel: 1.147, 0.0, 0.009
gvel: 1.147, 0.0, 0.009
gvel: 1.147, 0.0, 0.008
gvel: 1.147, 0.0, 0.007
gvel: 1.147, 0.0, 0.006
gvel: 1.147, 0.0, 0.006
gvel: 1.147, 0.0, 0.005
gvel: 1.147, 0.0, -0.044
gvel: 1.146, 0.0, -0.016
gvel: 1.146, 0.0, -0.002
gvel: 1.145, 0.0, 0.005
gvel: 1.145, 0.0, 0.008
gvel: 1.145, 0.0, 0.009
gvel: 1.145, 0.0, 0.009
gvel: 1.145, 0.0, 0.008
gvel: 1.145, 0.0, 0.007
gvel: 1.145, 0.0, 0.006
gvel: 1.145, 0.0, 0.006
gvel: 1.145, 0.0, 0.005
gvel: 1.145, 0.0, -0.044
gvel: 1.145, 0.0, -0.016
gvel: 1.144, 0.0, -0.002
gvel: 1.144, 0.0, 0.005
gvel: 1.143, 0.0, 0.008
gvel: 1.143, 0.0, 0.009
gvel: 1.143, 0.0, 0.009
gvel: 1.143, 0.0, 0.008
gvel: 1.143, 0.0, 0.007
gvel: 1.143, 0.0, 0.006
gvel: 1.143, 0.0, 0.006
gvel: 1.143, 0.0, 0.005
gvel: 1.143, 0.0, -0.044
gvel: 1.143, 0.0, -0.016
gvel: 1.142, 0.0, -0.002
gvel: 1.142, 0.0, 0.005
gvel: 1.142, 0.0, 0.008
gvel: 1.142, 0.0, 0.009
gvel: 1.142, 0.0, 0.009
gvel: 1.142, 0.0, 0.008
gvel: 1.142, 0.0, 0.007
gvel: 1.142, 0.0, 0.006
gvel: 1.142, 0.0, 0.006
gvel: 1.142, 0.0, 0.005
gvel: 1.142, 0.0, -0.044
gvel: 1.141, 0.0, -0.016
gvel: 1.141, 0.0, -0.002
gvel: 1.14, 0.0, 0.005
gvel: 1.14, 0.0, 0.008
gvel: 1.14, 0.0, 0.009
gvel: 1.14, 0.0, 0.009
gvel: 1.14, 0.0, 0.008
gvel: 1.14, 0.0, 0.007
gvel: 1.14, 0.0, 0.006
gvel: 1.14, 0.0, 0.006
gvel: 1.14, 0.0, 0.005
gvel: 1.14, 0.0, -0.044
gvel: 1.14, 0.0, -0.016
gvel: 1.139, 0.0, -0.002
gvel: 1.139, 0.0, 0.005
gvel: 1.139, 0.0, 0.008
gvel: 1.138, 0.0, 0.009
gvel: 1.138, 0.0, 0.009
gvel: 1.138, 0.0, 0.008
gvel: 1.138, 0.0, 0.007
gvel: 1.138, 0.0, 0.006
gvel: 1.138, 0.0, 0.006
gvel: 1.138, 0.0, 0.005
gvel: 1.138, 0.0, -0.044
gvel: 1.138, 0.0, -0.016
gvel: 1.137, 0.0, -0.002
gvel: 1.137, 0.0, 0.005
gvel: 1.137, 0.0, 0.008
gvel: 1.137, 0.0, 0.009
gvel: 1.137, 0.0, 0.009
gvel: 1.137, 0.0, 0.008
gvel: 1.137, 0.0, 0.007
gvel: 1.137, 0.0, 0.006
gvel: 1.137, 0.0, 0.006
gvel: 1.137, 0.0, 0.005
gvel: 1.137, 0.0, -0.044
gvel: 1.136, 0.0, -0.016
gvel: 1.136, 0.0, -0.002
gvel: 1.135, 0.0, 0.005
gvel: 1.135, 0.0, 0.008
gvel: 1.135, 0.0, 0.009
gvel: 1.135, 0.0, 0.009
gvel: 1.135, 0.0, 0.008
gvel: 1.135, 0.0, 0.007
gvel: 1.135, 0.0, 0.006
gvel: 1.135, 0.0, 0.006
gvel: 1.135, 0.0, 0.005
gvel: 1.135, 0.0, -0.044
gvel: 1.135, 0.0, -0.016
gvel: 1.134, 0.0, -0.002
gvel: 1.134, 0.0, 0.005
gvel: 1.134, 0.0, 0.008
gvel: 1.134, 0.0, 0.009
gvel: 1.134, 0.0, 0.009
gvel: 1.134, 0.0, 0.008
gvel: 1.134, 0.0, 0.007
gvel: 1.134, 0.0, 0.006
gvel: 1.134, 0.0, 0.006
gvel: 1.134, 0.0, 0.005
gvel: 1.134, 0.0, -0.044
gvel: 1.133, 0.0, -0.016
gvel: 1.132, 0.0, -0.002
gvel: 1.132, 0.0, 0.005
gvel: 1.132, 0.0, 0.008
gvel: 1.132, 0.0, 0.009
gvel: 1.132, 0.0, 0.009
gvel: 1.132, 0.0, 0.008
gvel: 1.132, 0.0, 0.007
gvel: 1.132, 0.0, 0.006
gvel: 1.132, 0.0, 0.006
gvel: 1.132, 0.0, 0.005
gvel: 1.132, 0.0, -0.044
gvel: 1.131, 0.0, -0.016
gvel: 1.131, 0.0, -0.002
gvel: 1.13, 0.0, 0.005
gvel: 1.13, 0.0, 0.008
gvel: 1.13, 0.0, 0.009
gvel: 1.13, 0.0, 0.009
gvel: 1.13, 0.0, 0.008
gvel: 1.13, 0.0, 0.007
gvel: 1.13, 0.0, 0.006
gvel: 1.13, 0.0, 0.006
gvel: 1.13, 0.0, 0.005
gvel: 1.13, 0.0, -0.044
gvel: 1.13, 0.0, -0.016
gvel: 1.129, 0.0, -0.002
gvel: 1.129, 0.0, 0.005
gvel: 1.129, 0.0, 0.008
gvel: 1.129, 0.0, 0.009
gvel: 1.129, 0.0, 0.009
gvel: 1.129, 0.0, 0.008
gvel: 1.129, 0.0, 0.007
gvel: 1.129, 0.0, 0.006
gvel: 1.129, 0.0, 0.006
gvel: 1.129, 0.0, 0.005
gvel: 1.129, 0.0, -0.044
gvel: 1.128, 0.0, -0.016
gvel: 1.127, 0.0, -0.002
gvel: 1.127, 0.0, 0.005
gvel: 1.127, 0.0, 0.008
gvel: 1.127, 0.0, 0.009
gvel: 1.127, 0.0, 0.009
gvel: 1.127, 0.0, 0.008
gvel: 1.127, 0.0, 0.007
gvel: 1.127, 0.0, 0.006
gvel: 1.127, 0.0, 0.006
gvel: 1.127, 0.0, 0.005
gvel: 1.127, 0.0, -0.044
gvel: 1.126, 0.0, -0.016
gvel: 1.126, 0.0, -0.002
gvel: 1.125, 0.0, 0.005
gvel: 1.125, 0.0, 0.008
gvel: 1.125, 0.0, 0.009
gvel: 1.125, 0.0, 0.009
gvel: 1.125, 0.0, 0.008
gvel: 1.125, 0.0, 0.007
gvel: 1.125, 0.0, 0.006
gvel: 1.125, 0.0, 0.006
gvel: 1.125, 0.0, 0.005
gvel: 1.125, 0.0, -0.044
gvel: 1.125, 0.0, -0.016
gvel: 1.124, 0.0, -0.002
gvel: 1.124, 0.0, 0.005
gvel: 1.124, 0.0, 0.008
gvel: 1.124, 0.0, 0.009
gvel: 1.124, 0.0, 0.009
gvel: 1.124, 0.0, 0.008
gvel: 1.124, 0.0, 0.007
gvel: 1.124, 0.0, 0.006
gvel: 1.124, 0.0, 0.006
gvel: 1.124, 0.0, 0.005
gvel: 1.124, 0.0, -0.044
gvel: 1.123, 0.0, -0.016
gvel: 1.122, 0.0, -0.002
gvel: 1.122, 0.0, 0.005
gvel: 1.122, 0.0, 0.008
gvel: 1.122, 0.0, 0.009
gvel: 1.122, 0.0, 0.009
gvel: 1.122, 0.0, 0.008
gvel: 1.122, 0.0, 0.007
gvel: 1.122, 0.0, 0.006
gvel: 1.122, 0.0, 0.006
gvel: 1.122, 0.0, 0.005
gvel: 1.122, 0.0, -0.044
gvel: 1.121, 0.0, -0.016
gvel: 1.121, 0.0, -0.002
gvel: 1.12, 0.0, 0.005
gvel: 1.12, 0.0, 0.008
gvel: 1.12, 0.0, 0.009
gvel: 1.12, 0.0, 0.009
gvel: 1.12, 0.0, 0.008
gvel: 1.12, 0.0, 0.007
gvel: 1.12, 0.0, 0.006
gvel: 1.12, 0.0, 0.006
gvel: 1.12, 0.0, 0.005
gvel: 1.12, 0.0, -0.044
gvel: 1.12, 0.0, -0.016
gvel: 1.119, 0.0, -0.002
gvel: 1.119, 0.0, 0.005
gvel: 1.119, 0.0, 0.008
gvel: 1.119, 0.0, 0.009
gvel: 1.119, 0.0, 0.009
gvel: 1.119, 0.0, 0.008
gvel: 1.119, 0.0, 0.007
gvel: 1.119, 0.0, 0.006
gvel: 1.119, 0.0, 0.006
gvel: 1.119, 0.0, 0.005
gvel: 1.119, 0.0, -0.044
gvel: 1.118, 0.0, -0.016
gvel: 1.117, 0.0, -0.002
gvel: 1.117, 0.0, 0.005
gvel: 1.117, 0.0, 0.008
gvel: 1.117, 0.0, 0.009
gvel: 1.117, 0.0, 0.009
gvel: 1.117, 0.0, 0.008
gvel: 1.117, 0.0, 0.007
gvel: 1.117, 0.0, 0.006
gvel: 1.117, 0.0, 0.006
gvel: 1.117, 0.0, 0.005
gvel: 1.117, 0.0, -0.044
gvel: 1.116, 0.0, -0.016
gvel: 1.116, 0.0, -0.002
gvel: 1.115, 0.0, 0.005
gvel: 1.115, 0.0, 0.008
gvel: 1.115, 0.0, 0.009
gvel: 1.115, 0.0, 0.009
gvel: 1.115, 0.0, 0.008
gvel: 1.115, 0.0, 0.007
gvel: 1.115, 0.0, 0.006
gvel: 1.115, 0.0, 0.006
gvel: 1.115, 0.0, 0.005
gvel: 1.115, 0.0, -0.044
gvel: 1.115, 0.0, -0.016
gvel: 1.114, 0.0, -0.002
gvel: 1.114, 0.0, 0.005
gvel: 1.114, 0.0, 0.008
gvel: 1.114, 0.0, 0.009
gvel: 1.114, 0.0, 0.009
gvel: 1.114, 0.0, 0.008
gvel: 1.114, 0.0, 0.007
gvel: 1.114, 0.0, 0.006
gvel: 1.114, 0.0, 0.006
gvel: 1.114, 0.0, 0.005
gvel: 1.114, 0.0, -0.044
gvel: 1.113, 0.0, -0.016
gvel: 1.112, 0.0, -0.002
gvel: 1.112, 0.0, 0.005
gvel: 1.112, 0.0, 0.008
gvel: 1.112, 0.0, 0.009
gvel: 1.112, 0.0, 0.009
gvel: 1.112, 0.0, 0.008
gvel: 1.112, 0.0, 0.007
gvel: 1.112, 0.0, 0.006
gvel: 1.112, 0.0, 0.006
gvel: 1.112, 0.0, 0.005
gvel: 1.112, 0.0, -0.044
gvel: 1.111, 0.0, -0.016
gvel: 1.111, 0.0, -0.002
gvel: 1.111, 0.0, 0.005
gvel: 1.11, 0.0, 0.008
gvel: 1.11, 0.0, 0.009
gvel: 1.11, 0.0, 0.009
gvel: 1.11, 0.0, 0.008
gvel: 1.11, 0.0, 0.007
gvel: 1.11, 0.0, 0.006
gvel: 1.11, 0.0, 0.006
gvel: 1.11, 0.0, 0.005
gvel: 1.11, 0.0, -0.044
gvel: 1.11, 0.0, -0.016
gvel: 1.109, 0.0, -0.002
gvel: 1.109, 0.0, 0.005
gvel: 1.109, 0.0, 0.008
gvel: 1.109, 0.0, 0.009
gvel: 1.109, 0.0, 0.009
gvel: 1.109, 0.0, 0.008
gvel: 1.109, 0.0, 0.007
gvel: 1.109, 0.0, 0.006
gvel: 1.109, 0.0, 0.006
gvel: 1.109, 0.0, 0.005
gvel: 1.109, 0.0, -0.044
gvel: 1.108, 0.0, -0.016
gvel: 1.108, 0.0, -0.002
gvel: 1.107, 0.0, 0.005
gvel: 1.107, 0.0, 0.008
gvel: 1.107, 0.0, 0.009
gvel: 1.107, 0.0, 0.009
gvel: 1.107, 0.0, 0.008
gvel: 1.107, 0.0, 0.007
gvel: 1.107, 0.0, 0.006
gvel: 1.107, 0.0, 0.006
gvel: 1.107, 0.0, 0.005
gvel: 1.107, 0.0, -0.044
gvel: 1.106, 0.0, -0.016
gvel: 1.106, 0.0, -0.002
gvel: 1.106, 0.0, 0.005
gvel: 1.105, 0.0, 0.008
gvel: 1.105, 0.0, 0.009
gvel: 1.105, 0.0, 0.009
gvel: 1.105, 0.0, 0.008
gvel: 1.105, 0.0, 0.007
gvel: 1.105, 0.0, 0.006
gvel: 1.105, 0.0, 0.006
gvel: 1.105, 0.0, 0.005
gvel: 1.105, 0.0, -0.044
gvel: 1.105, 0.0, -0.016
gvel: 1.104, 0.0, -0.002
gvel: 1.104, 0.0, 0.005
gvel: 1.104, 0.0, 0.008
gvel: 1.104, 0.0, 0.009
gvel: 1.104, 0.0, 0.009
gvel: 1.104, 0.0, 0.008
gvel: 1.104, 0.0, 0.007
gvel: 1.104, 0.0, 0.006
gvel: 1.104, 0.0, 0.006
gvel: 1.104, 0.0, 0.005
gvel: 1.104, 0.0, -0.044
gvel: 1.103, 0.0, -0.016
gvel: 1.103, 0.0, -0.002
gvel: 1.102, 0.0, 0.005
gvel: 1.102, 0.0, 0.008
gvel: 1.102, 0.0, 0.009
gvel: 1.102, 0.0, 0.009
gvel: 1.102, 0.0, 0.008
gvel: 1.102, 0.0, 0.007
gvel: 1.102, 0.0, 0.006
gvel: 1.102, 0.0, 0.006
gvel: 1.102, 0.0, 0.005
gvel: 1.102, 0.0, -0.044
gvel: 1.101, 0.0, -0.016
gvel: 1.101, 0.0, -0.002
gvel: 1.101, 0.0, 0.005
gvel: 1.1, 0.0, 0.008
gvel: 1.1, 0.0, 0.009
gvel: 1.1, 0.0, 0.009
gvel: 1.1, 0.0, 0.008
gvel: 1.1, 0.0, 0.007
gvel: 1.1, 0.0, 0.006
gvel: 1.1, 0.0, 0.006
gvel: 1.1, 0.0, 0.005
gvel: 1.1, 0.0, -0.044
gvel: 1.1, 0.0, -0.016
gvel: 1.099, 0.0, -0.002
gvel: 1.099, 0.0, 0.005
gvel: 1.099, 0.0, 0.008
gvel: 1.099, 0.0, 0.009
gvel: 1.099, 0.0, 0.009
gvel: 1.099, 0.0, 0.008
gvel: 1.099, 0.0, 0.007
gvel: 1.099, 0.0, 0.006
gvel: 1.099, 0.0, 0.006
gvel: 1.099, 0.0, 0.005
gvel: 1.099, 0.0, -0.044
gvel: 1.098, 0.0, -0.016
gvel: 1.098, 0.0, -0.002
gvel: 1.097, 0.0, 0.005
gvel: 1.097, 0.0, 0.008
gvel: 1.097, 0.0, 0.009
gvel: 1.097, 0.0, 0.009
gvel: 1.097, 0.0, 0.008
gvel: 1.097, 0.0, 0.007
gvel: 1.097, 0.0, 0.006
gvel: 1.097, 0.0, 0.006
gvel: 1.097, 0.0, 0.005
gvel: 1.097, 0.0, -0.044
gvel: 1.096, 0.0, -0.016
gvel: 1.096, 0.0, -0.002
gvel: 1.096, 0.0, 0.005
gvel: 1.095, 0.0, 0.008
gvel: 1.095, 0.0, 0.009
gvel: 1.095, 0.0, 0.009
gvel: 1.095, 0.0, 0.008
gvel: 1.095, 0.0, 0.007
gvel: 1.095, 0.0, 0.006
gvel: 1.095, 0.0, 0.006
gvel: 1.095, 0.0, 0.005
gvel: 1.095, 0.0, -0.044
gvel: 1.095, 0.0, -0.016
gvel: 1.094, 0.0, -0.002
gvel: 1.094, 0.0, 0.005
gvel: 1.094, 0.0, 0.008
gvel: 1.094, 0.0, 0.009
gvel: 1.094, 0.0, 0.009
gvel: 1.094, 0.0, 0.008
gvel: 1.094, 0.0, 0.007
gvel: 1.094, 0.0, 0.006
gvel: 1.094, 0.0, 0.006
gvel: 1.094, 0.0, 0.005
gvel: 1.094, 0.0, -0.044
gvel: 1.093, 0.0, -0.016
gvel: 1.093, 0.0, -0.002
gvel: 1.092, 0.0, 0.005
gvel: 1.092, 0.0, 0.008
gvel: 1.092, 0.0, 0.009
gvel: 1.092, 0.0, 0.009
gvel: 1.092, 0.0, 0.008
gvel: 1.092, 0.0, 0.007
gvel: 1.092, 0.0, 0.006
gvel: 1.092, 0.0, 0.006
gvel: 1.092, 0.0, 0.005
gvel: 1.092, 0.0, -0.044
gvel: 1.091, 0.0, -0.016
gvel: 1.091, 0.0, -0.002
gvel: 1.091, 0.0, 0.005
gvel: 1.09, 0.0, 0.008
gvel: 1.09, 0.0, 0.009
