gvel: 0.0, 0.0, 0.0
gvel: 0.023, 0.0, -0.018
gvel: 0.023, 0.0, -0.067
gvel: 0.058, 0.0, -0.066
gvel: 0.087, 0.0, -0.075
gvel: 0.113, 0.0, -0.088
gvel: 0.136, 0.0, -0.105
gvel: 0.136, 0.0, -0.154
gvel: 0.136, 0.0, -0.203
gvel: 0.184, 0.0, -0.185
gvel: 0.219, 0.0, -0.185
gvel: 0.246, 0.0, -0.195
gvel: 0.246, 0.0, -0.244
gvel: 0.246, 0.0, -0.293
gvel: 0.295, 0.0, -0.275
gvel: 0.329, 0.0, -0.275
gvel: 0.329, 0.0, -0.324
gvel: 0.329, 0.0, -0.373
gvel: 0.329, 0.0, -0.422
gvel: 0.396, 0.0, -0.379
gvel: 0.438, 0.0, -0.368
gvel: 0.438, 0.0, -0.417
gvel: 0.438, 0.0, -0.467
gvel: 0.493, 0.0, -0.439
gvel: 0.493, 0.0, -0.489
gvel: 0.493, 0.0, -0.538
gvel: 0.493, 0.0, -0.587
gvel: 0.568, 0.0, -0.53
gvel: 0.615, 0.0, -0.514
gvel: 0.615, 0.0, -0.563
gvel: 0.615, 0.0, -0.612
gvel: 0.615, 0.0, -0.661
gvel: 0.615, 0.0, -0.71
gvel: 0.696, 0.0, -0.645
gvel: 0.696, 0.0, -0.694
gvel: 0.696, 0.0, -0.743
gvel: 0.771, 0.0, -0.689
gvel: 0.771, 0.0, -0.738
gvel: 0.771, 0.0, -0.787
gvel: 0.771, 0.0, -0.836
gvel: 0.771, 0.0, -0.885
gvel: 0.867, 0.0, -0.798
gvel: 0.924, 0.0, -0.769
gvel: 0.924, 0.0, -0.818
gvel: 0.924, 0.0, -0.867
gvel: 0.924, 0.0, -0.916
gvel: 0.924, 0.0, -0.965
gvel: 0.924, 0.0, -1.014
gvel: 0.924, 0.0, -1.063
gvel: 0.924, 0.0, -1.112
gvel: 1.049, 0.0, -0.985
gvel: 1.119, 0.0, -0.937
gvel: 1.119, 0.0, -0.986
gvel: 1.119, 0.0, -1.035
gvel: 1.119, 0.0, -1.084
gvel: 1.119, 0.0, -1.133
gvel: 1.119, 0.0, -1.182
gvel: 1.119, 0.0, -1.231
gvel: 1.119, 0.0, -1.28
gvel: 1.245, 0.0, -1.153
gvel: 1.245, 0.0, -1.202
gvel: 1.245, 0.0, -1.251
gvel: 1.245, 0.0, -1.3
gvel: 1.245, 0.0, -1.349
gvel: 1.365, 0.0, -1.23
gvel: 1.365, 0.0, -1.279
gvel: 1.365, 0.0, -1.328
gvel: 1.365, 0.0, -1.378
gvel: 1.365, 0.0, -1.427
gvel: 1.365, 0.0, -1.476
gvel: 1.365, 0.0, -1.525
gvel: 1.508, 0.0, -1.374
gvel: 1.397, 0.0, -0.512
gvel: 1.335, 0.0, -0.069
gvel: 1.301, 0.0, 0.145
gvel: 1.283, 0.0, 0.237
gvel: 1.274, 0.0, 0.264
gvel: 1.268, 0.0, 0.259
gvel: 1.265, 0.0, 0.238
gvel: 1.263, 0.0, 0.212
gvel: 1.263, 0.0, 0.163
gvel: 1.263, 0.0, 0.114
gvel: 1.263, 0.0, 0.065
gvel: 1.263, 0.0, 0.016
gvel: 1.263, 0.0, -0.033
gvel: 1.263, 0.0, -0.082
gvel: 1.263, 0.0, -0.131
gvel: 1.263, 0.0, -0.18
gvel: 1.234, 0.0, -0.001
gvel: 1.217, 0.0, 0.084
gvel: 1.217, 0.0, 0.035
gvel: 1.217, 0.0, -0.014
gvel: 1.217, 0.0, -0.063
gvel: 1.217, 0.0, -0.112
gvel: 1.192, 0.0, 0.034
gvel: 1.177, 0.0, 0.101
gvel: 1.177, 0.0, 0.052
gvel: 1.177, 0.0, 0.002
gvel: 1.177, 0.0, -0.047
gvel: 1.177, 0.0, -0.096
gvel: 1.154, 0.0, 0.036
gvel: 1.141, 0.0, 0.096
gvel: 1.141, 0.0, 0.047
gvel: 1.141, 0.0, -0.002
gvel: 1.141, 0.0, -0.051
gvel: 1.141, 0.0, -0.1
gvel: 1.118, 0.0, 0.029
gvel: 1.118, 0.0, -0.02
gvel: 1.1, 0.0, 0.066
gvel: 1.1, 0.0, 0.017
gvel: 1.1, 0.0, -0.032
gvel: 1.1, 0.0, -0.081
gvel: 1.079, 0.0, 0.037
gvel: 1.079, 0.0, -0.012
gvel: 1.063, 0.0, 0.068
gvel: 1.063, 0.0, 0.019
gvel: 1.063, 0.0, -0.03
gvel: 1.063, 0.0, -0.079
gvel: 1.042, 0.0, 0.035
gvel: 1.042, 0.0, -0.014
gvel: 1.026, 0.0, 0.064
gvel: 1.026, 0.0, 0.015
gvel: 1.026, 0.0, -0.034
gvel: 1.026, 0.0, -0.083
gvel: 1.005, 0.0, 0.032
gvel: 0.992, 0.0, 0.084
gvel: 0.992, 0.0, 0.035
gvel: 0.992, 0.0, -0.014
gvel: 0.992, 0.0, -0.063
gvel: 0.992, 0.0, -0.112
gvel: 0.969, 0.0, 0.018
gvel: 0.955, 0.0, 0.078
gvel: 0.955, 0.0, 0.029
gvel: 0.955, 0.0, -0.02
gvel: 0.955, 0.0, -0.069
gvel: 0.935, 0.0, 0.034
gvel: 0.923, 0.0, 0.08
gvel: 0.923, 0.0, 0.031
gvel: 0.923, 0.0, -0.018
gvel: 0.923, 0.0, -0.067
gvel: 0.923, 0.0, -0.116
gvel: 0.9, 0.0, 0.013
gvel: 0.886, 0.0, 0.073
gvel: 0.877, 0.0, 0.096
gvel: 0.877, 0.0, 0.047
gvel: 0.877, 0.0, -0.002
gvel: 0.877, 0.0, -0.051
gvel: 0.877, 0.0, -0.1
gvel: 0.857, 0.0, 0.012
gvel: 0.844, 0.0, 0.064
gvel: 0.844, 0.0, 0.015
gvel: 0.844, 0.0, -0.034
gvel: 0.844, 0.0, -0.083
gvel: 0.824, 0.0, 0.02
gvel: 0.812, 0.0, 0.067
gvel: 0.812, 0.0, 0.018
gvel: 0.812, 0.0, -0.031
gvel: 0.812, 0.0, -0.08
gvel: 0.793, 0.0, 0.019
gvel: 0.781, 0.0, 0.065
gvel: 0.781, 0.0, 0.016
gvel: 0.781, 0.0, -0.033
gvel: 0.781, 0.0, -0.082
gvel: 0.762, 0.0, 0.017
gvel: 0.75, 0.0, 0.063
gvel: 0.75, 0.0, 0.014
gvel: 0.75, 0.0, -0.035
gvel: 0.735, 0.0, 0.034
gvel: 0.735, 0.0, -0.015
gvel: 0.735, 0.0, -0.064
gvel: 0.717, 0.0, 0.022
gvel: 0.706, 0.0, 0.061
gvel: 0.706, 0.0, 0.012
gvel: 0.706, 0.0, -0.037
gvel: 0.706, 0.0, -0.086
gvel: 0.687, 0.0, 0.011
gvel: 0.675, 0.0, 0.056
gvel: 0.667, 0.0, 0.074
gvel: 0.667, 0.0, 0.025
gvel: 0.667, 0.0, -0.024
gvel: 0.667, 0.0, -0.073
gvel: 0.65, 0.0, 0.01
gvel: 0.639, 0.0, 0.049
gvel: 0.639, 0.0, -0.0
gvel: 0.639, 0.0, -0.049
gvel: 0.624, 0.0, 0.019
gvel: 0.624, 0.0, -0.03
gvel: 0.61, 0.0, 0.028
gvel: 0.61, 0.0, -0.021
gvel: 0.597, 0.0, 0.031
gvel: 0.597, 0.0, -0.018
gvel: 0.597, 0.0, -0.067
gvel: 0.581, 0.0, 0.012
gvel: 0.57, 0.0, 0.048
gvel: 0.562, 0.0, 0.061
gvel: 0.562, 0.0, 0.012
gvel: 0.562, 0.0, -0.037
gvel: 0.562, 0.0, -0.086
gvel: 0.545, 0.0, -0.001
gvel: 0.533, 0.0, 0.039
gvel: 0.525, 0.0, 0.055
gvel: 0.525, 0.0, 0.006
gvel: 0.525, 0.0, -0.043
gvel: 0.525, 0.0, -0.092
gvel: 0.507, 0.0, -0.004
gvel: 0.496, 0.0, 0.038
gvel: 0.487, 0.0, 0.055
gvel: 0.487, 0.0, 0.005
gvel: 0.487, 0.0, -0.044
gvel: 0.474, 0.0, 0.014
gvel: 0.464, 0.0, 0.039
gvel: 0.464, 0.0, -0.01
gvel: 0.464, 0.0, -0.059
gvel: 0.45, 0.0, 0.006
gvel: 0.44, 0.0, 0.035
gvel: 0.432, 0.0, 0.047
gvel: 0.432, 0.0, -0.002
gvel: 0.432, 0.0, -0.051
gvel: 0.419, 0.0, 0.005
gvel: 0.409, 0.0, 0.031
gvel: 0.409, 0.0, -0.018
gvel: 0.409, 0.0, -0.067
gvel: 0.394, 0.0, -0.001
gvel: 0.384, 0.0, 0.03
gvel: 0.376, 0.0, 0.042
gvel: 0.376, 0.0, -0.007
gvel: 0.366, 0.0, 0.022
gvel: 0.366, 0.0, -0.027
gvel: 0.355, 0.0, 0.011
gvel: 0.355, 0.0, -0.038
gvel: 0.343, 0.0, 0.007
gvel: 0.334, 0.0, 0.028
gvel: 0.327, 0.0, 0.035
gvel: 0.327, 0.0, -0.014
gvel: 0.327, 0.0, -0.063
gvel: 0.313, 0.0, -0.006
gvel: 0.304, 0.0, 0.02
gvel: 0.296, 0.0, 0.031
gvel: 0.296, 0.0, -0.018
gvel: 0.286, 0.0, 0.012
gvel: 0.278, 0.0, 0.024
gvel: 0.278, 0.0, -0.025
gvel: 0.268, 0.0, 0.006
gvel: 0.268, 0.0, -0.043
gvel: 0.256, 0.0, -0.001
gvel: 0.248, 0.0, 0.019
gvel: 0.24, 0.0, 0.026
gvel: 0.24, 0.0, -0.023
gvel: 0.23, 0.0, 0.006
gvel: 0.223, 0.0, 0.018
gvel: 0.223, 0.0, -0.031
gvel: 0.212, 0.0, 0.001
gvel: 0.204, 0.0, 0.015
gvel: 0.197, 0.0, 0.021
gvel: 0.197, 0.0, -0.028
gvel: 0.187, 0.0, -0.0
gvel: 0.179, 0.0, 0.013
gvel: 0.173, 0.0, 0.018
gvel: 0.173, 0.0, -0.031
gvel: 0.163, 0.0, -0.003
gvel: 0.155, 0.0, 0.01
gvel: 0.148, 0.0, 0.015
gvel: 0.148, 0.0, -0.034
gvel: 0.138, 0.0, -0.006
gvel: 0.13, 0.0, 0.008
gvel: 0.123, 0.0, 0.013
gvel: 0.116, 0.0, 0.015
gvel: 0.116, 0.0, -0.034
gvel: 0.107, 0.0, -0.008
gvel: 0.099, 0.0, 0.005
gvel: 0.092, 0.0, 0.01
gvel: 0.086, 0.0, 0.012
gvel: 0.079, 0.0, 0.011
gvel: 0.073, 0.0, 0.01
gvel: 0.073, 0.0, -0.039
gvel: 0.064, 0.0, -0.013
gvel: 0.056, 0.0, -0.0
gvel: 0.049, 0.0, 0.005
gvel: 0.042, 0.0, 0.007
gvel: 0.036, 0.0, 0.007
gvel: 0.03, 0.0, 0.006
gvel: 0.024, 0.0, 0.005
gvel: 0.018, 0.0, 0.004
gvel: 0.011, 0.0, 0.003
gvel: 0.007, 0.0, 0.002
gvel: 0.004, 0.0, 0.001
gvel: 0.002, 0.0, 0.001
gvel: 0.001, 0.0, 0.0
gvel: 0.001, 0.0, 0.0
gvel: 0.0, 0.0, 0.0
