gvel: 0.0, 0.0, 0.0
gvel: 0.03, 0.0, -0.013
gvel: 0.056, 0.0, -0.03
gvel: 0.08, 0.0, -0.049
gvel: 0.103, 0.0, -0.07
gvel: 0.126, 0.0, -0.091
gvel: 0.148, 0.0, -0.113
gvel: 0.171, 0.0, -0.135
gvel: 0.171, 0.0, -0.184
gvel: 0.171, 0.0, -0.233
gvel: 0.22, 0.0, -0.221
gvel: 0.256, 0.0, -0.226
gvel: 0.285, 0.0, -0.24
gvel: 0.285, 0.0, -0.289
gvel: 0.285, 0.0, -0.338
gvel: 0.337, -0.0, -0.323
gvel: 0.374, -0.0, -0.327
gvel: 0.374, -0.0, -0.377
gvel: 0.374, -0.0, -0.426
gvel: 0.43, -0.0, -0.407
gvel: 0.468, -0.0, -0.409
gvel: 0.468, -0.0, -0.458
gvel: 0.468, -0.0, -0.507
gvel: 0.468, 0.0, -0.556
gvel: 0.539, 0.0, -0.519
gvel: 0.584, 0.0, -0.513
gvel: 0.584, 0.0, -0.562
gvel: 0.584, 0.0, -0.611
gvel: 0.584, 0.0, -0.66
gvel: 0.656, 0.0, -0.62
gvel: 0.702, 0.0, -0.613
gvel: 0.702, 0.0, -0.662
gvel: 0.702, 0.0, -0.711
gvel: 0.702, 0.0, -0.76
gvel: 0.702, 0.0, -0.809
gvel: 0.789, 0.0, -0.753
gvel: 0.841, 0.0, -0.738
gvel: 0.841, 0.0, -0.787
gvel: 0.841, 0.0, -0.836
gvel: 0.841, 0.0, -0.885
gvel: 0.841, 0.0, -0.934
gvel: 0.928, 0.0, -0.876
gvel: 0.928, 0.0, -0.925
gvel: 0.928, 0.0, -0.974
gvel: 0.928, 0.0, -1.023
gvel: 1.023, 0.0, -0.957
gvel: 1.078, 0.0, -0.938
gvel: 1.078, 0.0, -0.987
gvel: 1.078, -0.0, -1.036
gvel: 1.078, -0.0, -1.085
gvel: 1.078, -0.0, -1.134
gvel: 1.078, -0.0, -1.183
gvel: 1.078, -0.0, -1.233
gvel: 1.195, -0.0, -1.14
gvel: 1.261, 0.0, -1.108
gvel: 1.261, 0.0, -1.157
gvel: 1.261, 0.0, -1.206
gvel: 1.261, 0.0, -1.255
gvel: 1.261, 0.0, -1.304
gvel: 1.261, 0.0, -1.353
gvel: 1.261, 0.0, -1.402
gvel: 1.261, 0.0, -1.451
gvel: 1.398, 0.0, -1.333
gvel: 1.473, 0.0, -1.29
gvel: 1.473, 0.0, -1.339
gvel: 1.473, 0.0, -1.388
gvel: 1.473, 0.0, -1.437
gvel: 1.473, 0.0, -1.486
gvel: 1.473, 0.0, -1.535
gvel: 1.473, 0.0, -1.584
gvel: 1.473, 0.0, -1.633
gvel: 1.607, 0.0, -1.518
gvel: 1.607, 0.0, -1.567
gvel: 1.607, 0.0, -1.616
gvel: 1.607, 0.0, -1.665
gvel: 1.607, 0.0, -1.714
gvel: 1.736, 0.0, -1.607
gvel: 1.736, 0.0, -1.656
gvel: 1.736, 0.0, -1.705
gvel: 1.736, 0.0, -1.754
gvel: 1.736, 0.0, -1.803
gvel: 1.736, 0.0, -1.852
gvel: 1.871, -0.0, -1.735
gvel: 1.871, -0.0, -1.784
gvel: 1.765, -0.0, -0.758
gvel: 1.707, -0.0, -0.222
gvel: 1.675, -0.0, 0.047
gvel: 1.658, 0.0, 0.171
gvel: 1.648, 0.0, 0.218
gvel: 1.643, 0.0, 0.226
gvel: 1.639, 0.0, 0.215
gvel: 1.636, 0.0, 0.195
gvel: 1.636, 0.0, 0.146
gvel: 1.636, 0.0, 0.097
gvel: 1.636, 0.0, 0.048
gvel: 1.636, 0.0, -0.001
gvel: 1.636, 0.0, -0.05
gvel: 1.636, 0.0, -0.099
gvel: 1.636, 0.0, -0.148
gvel: 1.636, 0.0, -0.197
gvel: 1.613, -0.0, -0.004
gvel: 1.599, 0.0, 0.088
gvel: 1.591, 0.0, 0.125
gvel: 1.591, 0.0, 0.076
gvel: 1.591, 0.0, 0.027
gvel: 1.591, 0.0, -0.022
gvel: 1.591, 0.0, -0.071
gvel: 1.591, 0.0, -0.121
gvel: 1.572, -0.0, 0.022
gvel: 1.572, -0.0, -0.027
gvel: 1.559, -0.0, 0.065
gvel: 1.559, -0.0, 0.016
gvel: 1.559, -0.0, -0.033
gvel: 1.559, -0.0, -0.082
gvel: 1.543, -0.0, 0.038
gvel: 1.543, -0.0, -0.011
gvel: 1.543, -0.0, -0.06
gvel: 1.529, -0.0, 0.048
gvel: 1.529, -0.0, -0.001
gvel: 1.529, -0.0, -0.05
gvel: 1.515, -0.0, 0.05
gvel: 1.515, -0.0, 0.001
gvel: 1.515, -0.0, -0.048
gvel: 1.502, -0.0, 0.047
gvel: 1.502, -0.0, -0.002
gvel: 1.502, -0.0, -0.051
gvel: 1.502, -0.0, -0.1
gvel: 1.487, -0.0, 0.024
gvel: 1.478, -0.0, 0.079
gvel: 1.478, -0.0, 0.03
gvel: 1.478, -0.0, -0.019
gvel: 1.478, -0.0, -0.068
gvel: 1.478, -0.0, -0.117
gvel: 1.463, -0.0, 0.009
gvel: 1.454, 0.0, 0.066
gvel: 1.454, 0.0, 0.017
gvel: 1.454, 0.0, -0.032
gvel: 1.454, 0.0, -0.082
gvel: 1.443, 0.0, 0.014
gvel: 1.443, 0.0, -0.035
gvel: 1.442, 0.0, -0.084
gvel: 1.432, 0.0, 0.009
gvel: 1.432, 0.0, -0.04
gvel: 1.423, 0.0, 0.024
gvel: 1.423, 0.0, -0.025
gvel: 1.423, 0.0, -0.075
gvel: 1.423, 0.0, -0.124
gvel: 1.413, 0.0, -0.024
gvel: 1.406, 0.0, 0.019
gvel: 1.406, 0.0, -0.03
gvel: 1.406, 0.0, -0.079
gvel: 1.405, 0.0, -0.129
gvel: 1.397, 0.0, -0.046
gvel: 1.397, 0.0, -0.096
gvel: 1.391, -0.0, -0.04
gvel: 1.39, -0.0, -0.09
gvel: 1.389, -0.0, -0.139
gvel: 1.383, -0.0, -0.077
gvel: 1.382, -0.0, -0.127
gvel: 1.382, -0.0, -0.177
gvel: 1.376, -0.0, -0.113
gvel: 1.372, -0.0, -0.093
gvel: 1.37, -0.0, -0.143
gvel: 1.369, -0.0, -0.192
gvel: 1.367, -0.0, -0.242
gvel: 1.362, -0.0, -0.19
gvel: 1.358, -0.0, -0.177
gvel: 1.356, -0.0, -0.227
gvel: 1.354, -0.0, -0.278
gvel: 1.351, -0.0, -0.328
gvel: 1.346, -0.0, -0.291
gvel: 1.341, -0.0, -0.288
gvel: 1.338, -0.0, -0.338
gvel: 1.334, -0.0, -0.388
gvel: 1.33, -0.0, -0.439
gvel: 1.272, -0.0, -0.108
gvel: 1.241, -0.0, 0.057
gvel: 1.223, -0.0, 0.132
gvel: 1.213, -0.0, 0.158
gvel: 1.206, -0.0, 0.159
gvel: 1.201, 0.0, 0.147
gvel: 1.197, -0.0, 0.13
gvel: 1.197, -0.0, 0.081
gvel: 1.197, -0.0, 0.032
gvel: 1.197, -0.0, -0.017
gvel: 1.197, -0.0, -0.066
gvel: 1.196, -0.0, -0.115
