gvel: 0.0, 0.0, 0.0

gvel: 0.023, 0.0, -0.02

gvel: 0.023, 0.0, -0.069

gvel: 0.06, 0.0, -0.073

gvel: 0.091, 0.0, -0.086

gvel: 0.117, 0.0, -0.102

gvel: 0.142, 0.0, -0.121

gvel: 0.165, 0.0, -0.142

gvel: 0.165, 0.0, -0.191

gvel: 0.201, 0.0, -0.196

gvel: 0.23, 0.0, -0.209

gvel: 0.23, 0.0, -0.258

gvel: 0.269, 0.0, -0.26

gvel: 0.299, 0.0, -0.272

gvel: 0.299, 0.0, -0.321

gvel: 0.338, 0.0, -0.322

gvel: 0.338, 0.0, -0.371

gvel: 0.382, 0.0, -0.367

gvel: 0.414, 0.0, -0.376

gvel: 0.414, 0.0, -0.425

gvel: 0.414, 0.0, -0.474

gvel: 0.468, 0.0, -0.458

gvel: 0.505, 0.0, -0.462

gvel: 0.505, 0.0, -0.511

gvel: 0.505, 0.0, -0.56

gvel: 0.56, 0.0, -0.541

gvel: 0.598, 0.0, -0.544

gvel: 0.598, 0.0, -0.593

gvel: 0.598, 0.0, -0.642

gvel: 0.653, 0.0, -0.624

gvel: 0.653, 0.0, -0.673

gvel: 0.703, 0.0, -0.661

gvel: 0.703, 0.0, -0.71

gvel: 0.703, 0.0, -0.759

gvel: 0.765, 0.0, -0.733

gvel: 0.765, 0.0, -0.782

gvel: 0.818, 0.0, -0.766

gvel: 0.818, 0.0, -0.815

gvel: 0.818, 0.0, -0.864

gvel: 0.88, 0.0, -0.837

gvel: 0.88, 0.0, -0.886

gvel: 0.88, 0.0, -0.935

gvel: 0.947, 0.0, -0.903

gvel: 0.947, 0.0, -0.952

gvel: 0.947, 0.0, -1.001

gvel: 1.016, 0.0, -0.965

gvel: 1.016, 0.0, -1.014

gvel: 1.016, 0.0, -1.063

gvel: 1.086, 0.0, -1.027

gvel: 1.086, 0.0, -1.076

gvel: 1.086, 0.0, -1.125

gvel: 1.155, 0.0, -1.09

gvel: 1.155, 0.0, -1.139

gvel: 1.155, 0.0, -1.188

gvel: 1.155, 0.0, -1.237

gvel: 1.238, 0.0, -1.184

gvel: 1.238, 0.0, -1.234

gvel: 1.238, 0.0, -1.283

gvel: 1.314, 0.0, -1.239

gvel: 1.314, 0.0, -1.288

gvel: 1.314, 0.0, -1.337

gvel: 1.314, 0.0, -1.386

gvel: 1.399, 0.0, -1.331

gvel: 1.399, 0.0, -1.38

gvel: 1.399, 0.0, -1.429

gvel: 1.399, 0.0, -1.478

gvel: 1.49, 0.0, -1.417

gvel: 1.49, 0.0, -1.466

gvel: 1.49, 0.0, -1.515

gvel: 1.402, 0.0, -0.687

gvel: 1.353, 0.0, -0.248

gvel: 1.326, 0.0, -0.023

gvel: 1.31, 0.0, 0.085

gvel: 1.301, 0.0, 0.129

gvel: 1.295, 0.0, 0.14

gvel: 1.29, 0.0, 0.135

gvel: 1.287, 0.0, 0.123

gvel: 1.283, 0.0, 0.107

gvel: 1.28, 0.0, 0.092

gvel: 1.276, 0.0, 0.077

gvel: 1.273, 0.0, 0.064

gvel: 1.269, 0.0, 0.053

gvel: 1.265, 0.0, 0.043

gvel: 1.261, 0.0, 0.034

gvel: 1.257, 0.0, 0.027

gvel: 1.253, 0.0, 0.021

gvel: 1.248, 0.0, 0.015

gvel: 1.244, 0.0, 0.011

gvel: 1.244, 0.0, -0.038

gvel: 1.237, 0.0, -0.014

gvel: 1.231, 0.0, -0.003

gvel: 1.225, 0.0, 0.002

gvel: 1.222, 0.0, 0.004

gvel: 1.221, 0.0, 0.005

gvel: 1.22, 0.0, 0.005

gvel: 1.22, 0.0, 0.004

gvel: 1.22, 0.0, 0.004

gvel: 1.22, 0.0, 0.004

gvel: 1.22, 0.0, 0.003

gvel: 1.22, 0.0, 0.003

gvel: 1.22, 0.0, 0.002

gvel: 1.22, 0.0, 0.002

gvel: 1.22, 0.0, 0.002

gvel: 1.221, 0.0, 0.002

gvel: 1.221, 0.0, 0.001

gvel: 1.221, 0.0, 0.001

gvel: 1.221, 0.0, 0.001

gvel: 1.221, 0.0, 0.001

gvel: 1.221, 0.0, 0.001

gvel: 1.221, 0.0, 0.001

gvel: 1.221, 0.0, 0.001

gvel: 1.221, 0.0, 0.0

gvel: 1.221, 0.0, 0.0

gvel: 1.221, 0.0, 0.0

gvel: 1.221, 0.0, 0.0

gvel: 1.221, 0.0, 0.0

gvel: 1.221, 0.0, 0.0

gvel: 1.221, 0.0, 0.0

gvel: 1.221, 0.0, 0.0

gvel: 1.221, 0.0, 0.0

gvel: 1.221, 0.0, 0.0

gvel: 1.221, 0.0, 0.0

gvel: 1.221, 0.0, 0.0

gvel: 1.221, 0.0, 0.0

gvel: 1.221, 0.0, 0.0

gvel: 1.221, 0.0, 0.0

gvel: 1.221, 0.0, 0.0

gvel: 1.221, 0.0, 0.0

gvel: 1.221, 0.0, 0.0

gvel: 1.221, 0.0, 0.0

gvel: 1.221, 0.0, 0.0

gvel: 1.221, 0.0, 0.0

gvel: 1.221, 0.0, 0.0

gvel: 1.221, 0.0, 0.0

gvel: 1.221, 0.0, 0.0

gvel: 1.221, 0.0, 0.0

gvel: 1.221, 0.0, 0.0

gvel: 1.221, 0.0, 0.0

gvel: 1.221, 0.0, 0.0

gvel: 1.221, 0.0, 0.0

gvel: 1.221, 0.0, 0.0

gvel: 1.221, 0.0, 0.0

gvel: 1.221, 0.0, 0.0

gvel: 1.221, 0.0, 0.0

gvel: 1.221, 0.0, 0.0

gvel: 1.221, 0.0, 0.0

gvel: 1.221, 0.0, 0.0

gvel: 1.221, 0.0, 0.0

gvel: 1.221, 0.0, 0.0

gvel: 1.221, 0.0, 0.0

gvel: 1.221, 0.0, 0.0

gvel: 1.221, 0.0, 0.0

gvel: 1.221, 0.0, 0.0

gvel: 1.221, 0.0, 0.0

gvel: 1.221, 0.0, 0.0

gvel: 1.221, 0.0, 0.0

gvel: 1.221, 0.0, 0.0

gvel: 1.221, 0.0, 0.0

gvel: 1.221, 0.0, 0.0
