gvel: 0.0, 0.0, 0.0
gvel: 0.02, 0.0, -0.018
gvel: 0.02, 0.0, -0.067
gvel: 0.053, 0.0, -0.068
gvel: 0.079, 0.0, -0.077
gvel: 0.103, 0.0, -0.091
gvel: 0.125, 0.0, -0.107
gvel: 0.145, 0.0, -0.125
gvel: 0.166, 0.0, -0.144
gvel: 0.166, 0.0, -0.193
gvel: 0.197, 0.0, -0.195
gvel: 0.223, 0.0, -0.205
gvel: 0.223, 0.0, -0.254
gvel: 0.257, 0.0, -0.252
gvel: 0.284, 0.0, -0.261
gvel: 0.284, 0.0, -0.31
gvel: 0.319, 0.0, -0.307
gvel: 0.346, 0.0, -0.316
gvel: 0.346, 0.0, -0.365
gvel: 0.38, 0.0, -0.362
gvel: 0.38, 0.0, -0.411
gvel: 0.418, 0.0, -0.403
gvel: 0.447, 0.0, -0.409
gvel: 0.447, 0.0, -0.458
gvel: 0.447, 0.0, -0.507
gvel: 0.494, 0.0, -0.486
gvel: 0.527, 0.0, -0.485
gvel: 0.527, 0.0, -0.534
gvel: 0.527, 0.0, -0.583
gvel: 0.575, 0.0, -0.559
gvel: 0.609, 0.0, -0.558
gvel: 0.609, 0.0, -0.607
gvel: 0.609, 0.0, -0.656
gvel: 0.657, 0.0, -0.633
gvel: 0.691, 0.0, -0.632
gvel: 0.691, 0.0, -0.681
gvel: 0.691, 0.0, -0.73
gvel: 0.691, 0.0, -0.779
gvel: 0.751, 0.0, -0.737
gvel: 0.79, 0.0, -0.727
gvel: 0.79, 0.0, -0.776
gvel: 0.79, 0.0, -0.825
gvel: 0.841, 0.0, -0.799
gvel: 0.841, 0.0, -0.848
gvel: 0.841, 0.0, -0.897
gvel: 0.897, 0.0, -0.861
gvel: 0.897, 0.0, -0.91
gvel: 0.946, 0.0, -0.887
gvel: 0.946, 0.0, -0.936
gvel: 0.946, 0.0, -0.985
gvel: 0.946, 0.0, -1.034
gvel: 1.013, 0.0, -0.982
gvel: 1.056, 0.0, -0.967
gvel: 1.056, 0.0, -1.016
gvel: 1.056, 0.0, -1.065
gvel: 1.056, 0.0, -1.114
gvel: 1.056, 0.0, -1.163
gvel: 1.131, 0.0, -1.099
gvel: 1.177, 0.0, -1.079
gvel: 1.177, 0.0, -1.128
gvel: 1.177, 0.0, -1.177
gvel: 1.177, 0.0, -1.226
gvel: 1.177, 0.0, -1.275
gvel: 1.253, 0.0, -1.211
gvel: 1.299, 0.0, -1.191
gvel: 1.299, 0.0, -1.24
gvel: 1.299, 0.0, -1.289
gvel: 1.299, 0.0, -1.338
gvel: 1.299, 0.0, -1.387
gvel: 1.299, 0.0, -1.436
gvel: 1.388, 0.0, -1.351
gvel: 1.44, 0.0, -1.322
gvel: 1.44, 0.0, -1.371
gvel: 1.44, 0.0, -1.42
gvel: 1.38, 0.0, -0.585
gvel: 1.332, 0.0, -0.151
gvel: 1.303, 0.0, 0.065
gvel: 1.291, 0.0, 0.163
gvel: 1.291, 0.0, 0.198
gvel: 1.295, 0.0, 0.202
gvel: 1.303, 0.0, 0.191
gvel: 1.31, 0.0, 0.175
gvel: 1.316, 0.0, 0.156
gvel: 1.322, 0.0, 0.138
gvel: 1.328, 0.0, 0.12
gvel: 1.335, 0.0, 0.104
gvel: 1.341, 0.0, 0.088
gvel: 1.348, 0.0, 0.074
gvel: 1.354, 0.0, 0.061
gvel: 1.359, 0.0, 0.051
gvel: 1.362, 0.0, 0.043
gvel: 1.365, 0.0, 0.036
gvel: 1.367, 0.0, 0.031
gvel: 1.369, 0.0, 0.026
gvel: 1.37, 0.0, 0.022
gvel: 1.371, 0.0, 0.019
gvel: 1.372, 0.0, 0.016
gvel: 1.373, 0.0, 0.013
gvel: 1.374, 0.0, 0.011
gvel: 1.374, 0.0, 0.009
gvel: 1.375, 0.0, 0.008
gvel: 1.375, 0.0, 0.007
gvel: 1.375, 0.0, 0.006
gvel: 1.376, 0.0, 0.005
gvel: 1.376, 0.0, 0.004
gvel: 1.376, 0.0, 0.004
gvel: 1.376, 0.0, 0.003
gvel: 1.376, 0.0, 0.003
gvel: 1.377, 0.0, 0.002
gvel: 1.377, 0.0, 0.002
gvel: 1.377, 0.0, 0.002
gvel: 1.377, 0.0, 0.001
gvel: 1.377, 0.0, 0.001
gvel: 1.377, 0.0, 0.001
gvel: 1.377, 0.0, 0.001
gvel: 1.377, 0.0, 0.001
gvel: 1.377, 0.0, 0.001
gvel: 1.377, 0.0, 0.001
gvel: 1.377, 0.0, 0.001
gvel: 1.377, 0.0, 0.0
gvel: 1.377, 0.0, 0.0
gvel: 1.377, 0.0, 0.0
gvel: 1.377, 0.0, 0.0
gvel: 1.377, 0.0, 0.0
gvel: 1.377, 0.0, 0.0
gvel: 1.377, 0.0, 0.0
gvel: 1.377, 0.0, 0.0
gvel: 1.377, 0.0, 0.0
gvel: 1.377, 0.0, 0.0
gvel: 1.377, 0.0, 0.0
gvel: 1.377, 0.0, 0.0
gvel: 1.377, 0.0, 0.0
gvel: 1.377, 0.0, 0.0
gvel: 1.377, 0.0, 0.0
gvel: 1.377, 0.0, 0.0
gvel: 1.377, 0.0, 0.0
gvel: 1.377, 0.0, 0.0
gvel: 1.377, 0.0, 0.0
gvel: 1.377, 0.0, 0.0
gvel: 1.377, 0.0, 0.0
gvel: 1.377, 0.0, 0.0
